
 -----------------------------------------------------------------------------
  values at 130 km altitude above aeroid (130 km)
 -----------------------------------------------------------------------------
 Measurement time (130 km)                    [ERT] :  2013-12-21T08:54:10.722
 Measurement time (130 km)               [ERT-OWLT] :  2013-12-21T08:51:30.013
 Solar longitude (130 km)                     [deg] :      199.05
 Planet to Sun distance (130 km)          [10^6 km] :     107.785
 North planetary latitude (130 km)            [deg] :      -51.12
 East planetary longitude (130 km)            [deg] :       45.29
 Sub-solar north planetary latitude (130 km)  [deg] :       -0.86
 Sub-solar east planetary longitude (130 km)  [deg] :       93.31
 Aeroid radius (130 km)                        [km] :    6051.800
 MOLA radius (130 km)                          [km] :   -9999.999
 Local true solar time (130 km)               [hrs] :       15.20
 Solar zenith angle (130 km)                  [deg] :       64.44
 Electron density (130 km)               [10^6/m^3] :   183276.34

=============================================================================

Altitude	ELECTRON NUMBER DENSITY
947.846	0
947.485	5.28
947.12	-103.75
946.756	101.99
946.391	553.89
946.029	691.05
945.666	527.52
945.301	592.58
944.941	367.5
944.576	-29.89
944.213	-70.34
943.847	149.46
943.486	72.09
943.123	-133.64
942.758	-45.72
942.395	123.09
942.032	-21.1
941.669	-330.58
941.304	-283.1
940.942	-367.5
940.577	-522.24
940.214	-355.2
939.849	-96.71
939.488	-212.77
939.124	-372.78
938.759	-140.67
938.395	165.29
938.033	65.06
937.671	-263.76
937.305	-226.83
936.944	-302.44
936.579	-464.22
936.216	-363.99
935.851	-56.27
935.489	0
935.126	-152.98
934.761	-24.62
934.4	-179.36
934.035	-487.08
933.672	-406.19
933.306	-79.13
932.945	-61.54
932.582	-163.53
932.217	-10.55
931.854	167.05
931.492	5.28
931.129	-363.99
930.764	-441.36
930.403	-694.57
930.038	-956.57
929.674	-742.04
929.308	-265.52
928.947	-133.64
928.583	-163.53
928.219	36.93
927.856	189.91
927.494	-56.27
927.132	-492.35
926.767	-587.3
926.406	-838.75
926.041	-1181.64
925.678	-1202.74
925.313	-958.33
924.951	-946.02
924.588	-1120.1
924.222	-975.91
923.862	-1127.13
923.498	-1540.35
923.135	-1693.33
922.77	-1624.76
922.409	-1811.15
922.045	-2062.6
921.68	-1971.16
921.316	-1740.81
920.953	-1702.13
920.59	-1746.09
920.225	-1485.84
919.864	-1499.91
919.499	-1714.44
919.136	-1626.52
918.771	-1327.59
918.41	-1287.15
918.046	-1292.42
917.681	-954.81
917.317	-504.66
916.955	-374.54
916.592	-485.32
916.227	-407.95
915.867	-641.81
915.503	-1067.35
915.14	-1185.16
914.776	-989.98
914.413	-961.84
914.049	-1026.9
913.684	-673.47
913.322	-541.59
912.958	-640.06
912.595	-522.24
912.23	-265.52
911.869	-318.27
911.506	-413.22
911.141	-119.57
910.777	277.83
910.415	337.61
910.052	186.39
909.687	318.27
909.326	196.94
908.962	-109.02
908.599	-110.78
908.234	142.43
907.872	196.94
907.509	203.97
907.144	464.22
906.781	735.01
906.419	682.26
906.056	481.8
905.691	615.44
905.33	508.18
904.966	216.28
904.603	228.59
904.238	597.85
903.876	796.55
903.512	791.28
903.147	1093.72
902.786	1132.41
902.422	944.26
902.059	951.29
901.695	1025.14
901.335	775.45
900.971	567.96
900.605	858.1
900.242	1295.94
899.88	1373.31
899.517	1236.15
899.152	1406.72
898.791	1362.76
898.427	1157.02
898.064	1204.5
897.699	1359.24
897.338	1241.43
896.974	1193.95
896.609	1573.76
896.246	2004.57
895.884	2018.64
895.521	1779.5
895.157	1819.94
894.796	1645.86
894.432	1355.72
894.068	1394.41
893.704	1726.74
893.342	1834.01
892.979	1775.98
892.613	2101.28
892.252	2187.44
891.888	2053.81
891.525	2159.31
891.161	2373.83
890.8	2259.54
890.436	2118.87
890.072	2338.67
889.709	2618.25
889.347	2574.29
888.984	2396.69
888.619	2579.57
888.258	2518.02
887.894	2194.48
887.532	2039.74
887.167	2008.09
886.806	1763.67
886.443	1591.35
886.077	1842.8
885.714	2217.34
885.352	2278.88
884.989	2203.27
884.624	2467.03
884.263	2454.72
883.899	2194.48
883.536	2169.86
883.172	2430.1
882.81	2489.89
882.447	2400.21
882.082	2651.66
881.722	2574.29
881.358	2185.69
880.995	2032.71
880.631	2030.95
880.271	1661.68
879.908	1132.41
879.544	859.86
879.182	669.95
878.82	246.18
878.457	-219.8
878.091	-249.69
877.73	-374.54
877.365	-541.59
877.002	-416.74
876.638	-270.79
876.278	-576.75
875.914	-928.43
875.549	-775.45
875.185	-383.33
874.822	-228.59
874.459	-247.93
874.095	-7.03
873.734	-3.52
873.369	-135.4
873.006	0
872.643	346.4
872.281	371.02
871.918	142.43
871.553	258.48
871.192	198.7
870.828	24.62
870.465	177.6
870.1	515.21
869.739	511.69
869.376	369.26
869.012	478.28
868.649	613.68
868.287	464.22
867.924	233.87
867.56	349.92
867.199	205.73
866.835	-72.09
866.471	63.3
866.106	441.36
865.746	471.25
865.383	309.48
865.019	360.47
864.656	487.08
864.294	393.88
863.93	274.31
863.565	583.79
863.204	657.64
862.84	502.9
862.478	524
862.115	678.74
861.753	522.24
861.39	203.97
861.025	365.75
860.664	423.77
860.299	365.75
859.936	553.89
859.572	822.93
859.211	759.63
858.848	641.81
858.484	824.69
858.121	981.18
857.76	733.25
857.397	356.95
857.032	429.05
856.671	369.26
856.307	186.39
855.944	312.99
855.579	618.96
855.218	636.54
854.855	578.51
854.491	815.9
854.128	1070.86
853.766	1025.14
853.403	967.12
853.037	1369.79
852.676	1552.66
852.313	1478.81
851.95	1570.25
851.587	1809.39
851.226	1670.48
850.863	1281.87
850.498	1361
850.137	1394.41
849.773	1334.62
849.41	1499.91
849.046	1726.74
848.685	1610.69
848.322	1436.61
847.958	1589.59
847.595	1730.26
847.234	1413.75
846.872	884.47
846.508	759.63
846.147	555.65
845.782	309.48
845.419	425.53
845.054	768.42
844.693	826.45
844.33	801.83
843.966	1030.42
843.603	1225.6
843.242	1053.28
842.879	764.9
842.514	909.09
842.153	928.43
841.789	859.86
841.426	1079.65
841.062	1498.15
840.7	1582.56
840.338	1390.89
839.974	1482.33
839.613	1339.9
839.249	1116.58
838.886	1262.53
838.521	1568.49
838.161	1596.62
837.797	1652.89
837.432	2096.01
837.069	2600.67
836.708	2674.52
836.346	2442.41
835.982	2468.79
835.621	2319.32
835.257	2131.18
834.893	2361.53
834.528	2811.67
834.168	2918.94
833.805	2897.84
833.441	3170.39
833.078	3467.56
832.717	3356.78
832.355	3068.4
831.99	3179.18
831.629	3152.8
831.265	2996.31
830.902	3085.98
830.539	3400.74
830.177	3441.18
829.815	3242.48
829.451	3300.51
829.091	3043.78
828.727	2595.39
828.364	2530.33
827.999	2778.26
827.639	2808.16
827.275	2787.06
826.911	3049.06
826.549	3279.41
826.187	3119.39
825.825	2785.3
825.461	2765.96
825.1	2556.71
824.736	2259.54
824.373	2282.4
824.009	2449.44
823.649	2280.64
823.286	2015.12
822.922	2074.91
822.559	2205.03
822.198	2006.33
821.836	1649.37
821.471	1621.24
821.111	1389.13
820.747	1076.14
820.383	1153.51
820.019	1619.48
819.657	1874.45
819.295	1800.6
818.931	1930.72
818.571	1723.23
818.208	1283.63
817.845	1181.64
817.481	1276.6
817.12	1099
816.757	960.08
816.392	1264.29
816.028	1760.15
815.666	2020.4
815.303	2168.1
814.938	2616.49
814.578	2713.2
814.215	2537.36
813.853	2583.08
813.488	2802.88
813.128	2723.75
812.765	2614.73
812.401	2880.25
812.038	3210.83
811.676	3193.25
811.314	2968.17
810.95	3027.96
810.59	2846.84
810.226	2560.22
809.863	2639.35
809.5	3005.1
809.138	3087.74
808.776	2947.07
808.411	3195
808.05	3240.72
807.687	3070.16
807.325	3033.23
806.961	3020.92
806.601	2716.72
806.237	2558.47
805.872	2987.51
805.509	3609.99
805.147	3880.78
804.785	3857.92
804.421	4058.38
804.061	3919.46
803.698	3499.21
803.336	3321.61
802.972	3346.23
802.612	3131.7
802.249	2908.39
801.884	3089.5
801.521	3391.94
801.16	3406.01
800.797	3251.27
800.433	3363.81
800.073	3156.32
799.71	2714.96
799.348	2553.19
798.984	2741.34
798.622	2787.06
798.259	2681.55
797.895	2924.21
797.535	2876.73
797.172	2535.61
796.81	2393.18
796.446	2375.59
796.086	2057.32
795.723	1732.02
795.359	1802.36
794.996	2001.05
794.634	1950.06
794.271	1855.11
793.906	2178.65
793.546	2217.34
793.183	1923.68
792.822	1732.02
792.458	1579.04
792.098	1171.09
791.735	900.3
791.37	1188.68
791.007	1640.58
790.645	1717.95
790.283	1542.11
789.919	1635.31
789.559	1448.92
789.196	1055.04
788.833	958.33
788.469	1243.19
788.107	1411.99
787.745	1433.09
787.38	1807.63
787.02	1807.63
786.657	1454.19
786.296	1267.8
785.932	1200.98
785.572	819.41
785.209	427.29
784.845	504.66
784.482	794.79
784.12	877.44
783.757	851.06
783.393	1178.12
783.033	1197.47
782.669	958.33
782.307	981.18
781.943	1141.2
781.583	960.08
781.22	719.18
780.856	870.41
780.493	1165.82
780.132	1216.81
779.769	1200.98
779.404	1559.7
779.044	1633.55
778.681	1417.27
778.319	1341.66
777.956	1468.26
777.595	1378.58
777.232	1200.98
776.867	1550.9
776.506	1818.18
776.142	1953.58
775.78	2322.84
775.416	2681.55
775.057	2542.64
774.695	2271.85
774.331	2356.25
773.968	2616.49
773.606	2674.52
773.244	2612.98
772.88	2874.98
772.52	2848.6
772.157	2572.53
771.794	2525.06
771.431	2598.91
771.071	2336.91
770.708	2050.29
770.345	2155.79
769.982	2384.38
769.621	2292.95
769.259	2013.36
768.895	2064.36
768.535	1870.93
768.171	1519.25
767.809	1482.33
767.446	1719.71
767.084	1700.37
766.722	1492.88
766.357	1707.4
765.997	1767.19
765.633	1656.41
765.271	1783.01
764.907	2016.88
764.548	1855.11
764.185	1570.25
763.822	1566.73
763.46	1559.7
763.099	1288.9
762.736	1023.39
762.372	1200.98
762.012	1160.54
761.648	895.02
761.286	868.65
760.922	949.53
760.563	641.81
760.201	193.42
759.837	93.19
759.474	237.38
759.112	281.34
758.749	277.83
758.385	604.89
758.025	624.23
757.662	395.64
757.3	455.42
756.936	828.2
756.575	938.98
756.213	817.65
755.848	1053.28
755.488	1086.69
755.125	982.94
754.762	1199.23
754.398	1563.21
754.039	1517.5
753.676	1346.93
753.313	1482.33
752.951	1656.41
752.589	1570.25
752.227	1455.95
751.862	1797.08
751.502	1941.27
751.138	1897.31
750.775	2185.69
750.411	2695.62
750.051	2896.08
749.689	2976.96
749.325	3289.96
748.963	3620.54
748.602	3655.7
748.239	3652.19
747.875	4075.96
747.515	4213.12
747.152	4100.58
746.79	4234.22
746.427	4605.24
746.066	4622.82
745.705	4241.25
745.342	4054.86
744.983	3671.53
744.619	3284.68
744.256	3404.25
743.891	3850.89
743.531	4032
743.168	4151.57
742.804	4561.28
742.442	4923.51
742.081	4883.06
741.72	4670.3
741.356	4825.04
740.996	4779.32
740.633	4556
740.27	4649.2
739.906	4937.57
739.547	4861.96
739.185	4554.24
738.823	4411.81
738.461	4290.48
738.1	3952.87
737.737	3643.4
737.373	3806.93
737.013	3757.69
736.65	3462.28
736.288	3395.46
735.925	3585.37
735.564	3497.45
735.203	3135.22
734.839	3084.23
734.479	2839.81
734.116	2498.68
733.753	2535.61
733.389	2764.2
733.03	2623.53
732.667	2379.11
732.304	2451.2
731.942	2546.16
731.581	2270.09
731.22	1830.49
730.856	1751.36
730.496	1501.67
730.132	1185.16
729.77	1259.01
729.406	1535.08
729.046	1480.57
728.684	1285.39
728.321	1345.17
727.959	1406.72
727.598	1067.35
727.237	576.75
726.873	524
726.512	362.23
726.149	124.85
725.786	251.45
725.423	668.19
725.062	819.41
724.7	745.56
724.336	954.81
723.977	798.31
723.614	385.09
723.252	311.24
722.887	546.86
722.527	678.74
722.164	914.37
721.799	1499.91
721.437	2046.77
721.077	2104.8
720.716	1856.87
720.352	1839.28
719.993	1587.83
719.63	1222.08
719.268	1223.84
718.904	1494.64
718.544	1533.32
718.181	1533.32
717.818	1805.87
717.456	2048.53
717.095	1874.45
716.734	1496.39
716.37	1475.29
716.011	1250.22
715.648	877.44
715.286	814.14
714.923	1065.59
714.561	1104.27
714.199	970.63
713.835	1206.26
713.476	1167.57
713.113	863.37
712.752	761.39
712.388	773.69
712.029	522.24
711.666	330.58
711.302	573.24
710.94	880.96
710.579	814.14
710.217	569.72
709.854	645.33
709.495	455.42
709.131	103.75
708.769	116.05
708.405	348.16
708.046	297.17
707.683	211.01
707.319	499.38
706.957	896.78
706.596	984.7
706.234	923.16
705.87	1185.16
705.511	1114.82
705.148	775.45
704.786	775.45
704.423	1165.82
704.062	1341.66
703.7	1276.6
703.336	1517.5
702.977	1503.43
702.614	1294.18
702.252	1345.17
701.889	1506.94
701.53	1346.93
701.167	1185.16
700.804	1394.41
700.442	1684.54
700.081	1673.99
699.719	1559.7
699.355	1835.76
698.996	1798.84
698.633	1436.61
698.272	1283.63
697.908	1306.49
697.549	1121.86
697.186	974.15
696.823	1185.16
696.461	1415.51
696.1	1255.49
695.739	919.64
695.376	914.37
695.016	652.36
694.654	195.18
694.292	59.79
693.929	314.75
693.567	427.29
693.205	386.85
692.841	722.7
692.481	812.38
692.119	654.12
691.757	682.26
691.394	768.42
691.035	502.9
690.673	274.31
690.309	555.65
689.946	1011.08
689.585	1120.1
689.224	1033.94
688.86	1283.63
688.501	1276.6
688.138	1016.35
687.777	907.33
687.414	842.27
687.055	455.42
686.693	114.3
686.329	249.69
685.967	539.83
685.606	536.31
685.244	434.32
684.88	713.91
684.521	682.26
684.158	374.54
683.797	341.13
683.434	671.71
683.072	849.3
682.71	847.55
682.347	1104.27
681.988	961.84
681.626	532.79
681.265	358.71
680.902	311.24
680.543	-94.95
680.181	-520.49
679.817	-480.04
679.455	-235.62
679.094	-205.73
678.732	-283.1
678.368	-38.68
678.009	-94.95
677.646	-385.09
677.285	-414.98
676.922	-323.54
676.563	-573.24
676.201	-900.3
675.838	-856.34
675.476	-659.4
675.114	-687.53
674.752	-754.35
674.388	-406.19
674.029	-323.54
673.666	-508.18
673.305	-494.11
672.942	-244.42
672.582	-260.24
672.22	-495.87
671.857	-367.5
671.497	-441.36
671.134	-648.85
670.772	-509.93
670.409	-216.28
670.05	-341.13
669.689	-625.99
669.326	-569.72
668.963	-344.65
668.602	-332.34
668.241	-400.91
667.877	-131.88
667.518	-179.36
667.155	-430.81
666.793	-355.2
666.43	-149.46
666.072	-353.44
665.71	-675.22
665.347	-615.44
664.985	-407.95
664.624	-450.15
664.262	-582.03
663.898	-334.1
663.539	-297.17
663.176	-467.73
662.815	-427.29
662.453	-179.36
662.093	-256.73
661.731	-587.3
661.368	-557.41
661.009	-680.5
660.645	-831.72
660.283	-589.06
659.919	-172.32
659.56	-123.09
659.199	-244.42
658.836	-98.47
658.475	66.82
658.114	-140.67
657.753	-458.94
657.389	-327.06
657.03	-344.65
656.666	-432.57
656.304	-188.15
655.941	123.09
655.583	-35.17
655.222	-371.02
654.859	-372.78
654.497	-193.42
654.136	-233.87
653.775	-422.01
653.412	-327.06
653.053	-524
652.69	-900.3
652.328	-940.74
651.966	-641.81
651.605	-555.65
651.244	-722.7
650.881	-603.13
650.522	-771.94
650.159	-1109.55
649.797	-1060.31
649.434	-784.24
649.075	-842.27
648.713	-1007.56
648.35	-882.71
647.989	-699.84
647.628	-801.83
647.266	-946.02
646.902	-634.78
646.543	-545.1
646.18	-654.12
645.818	-434.32
645.455	-17.58
645.096	54.51
644.734	-19.34
644.372	130.12
644.011	247.93
643.651	-31.65
643.29	-485.32
642.927	-532.79
642.568	-717.43
642.205	-972.39
641.842	-819.41
641.48	-307.72
641.119	-65.06
640.758	-147.71
640.395	0
640.036	-156.5
639.674	-504.66
639.313	-571.48
638.95	-487.08
638.591	-738.53
638.229	-1042.73
637.866	-940.74
637.505	-726.22
637.144	-828.2
636.783	-1058.55
636.419	-870.41
636.06	-900.3
635.698	-1158.78
635.336	-1162.3
634.973	-1012.84
634.614	-1132.41
634.252	-1220.33
633.889	-926.67
633.528	-654.12
633.168	-803.59
632.807	-1090.21
632.443	-923.16
632.084	-905.57
631.721	-1081.41
631.36	-1056.8
630.998	-810.62
630.638	-824.69
630.277	-1074.38
629.914	-1056.8
629.556	-1392.65
629.194	-1957.09
628.832	-2129.42
628.469	-1981.71
628.109	-1986.99
627.746	-1934.23
627.383	-1505.19
627.022	-1091.96
626.662	-1202.74
626.302	-1656.41
625.94	-1851.59
625.581	-2292.95
625.219	-2845.08
624.857	-2980.48
624.494	-2841.57
624.134	-2918.94
623.772	-2996.31
623.409	-2725.51
623.048	-2424.83
622.688	-2554.95
622.327	-2922.45
621.964	-2938.28
621.605	-3108.84
621.242	-3340.95
620.88	-3200.28
620.518	-2781.78
620.158	-2700.9
619.797	-2973.45
619.435	-3020.92
619.076	-3342.71
618.714	-3777.03
618.352	-3768.24
617.989	-3497.45
617.63	-3537.89
617.268	-3662.74
616.905	-3481.62
616.544	-3275.89
616.184	-3448.21
615.823	-3819.23
615.461	-3854.4
615.102	-4135.75
614.74	-4587.65
614.378	-4700.19
614.015	-4577.1
613.656	-4677.33
613.294	-4728.33
612.93	-4343.24
612.569	-3880.78
612.209	-3808.68
611.848	-3940.56
611.484	-3726.04
611.126	-3743.62
610.763	-3947.6
610.402	-3912.43
610.04	-3675.05
609.68	-3741.87
609.319	-3973.97
608.956	-3719.01
608.597	-3650.43
608.234	-3838.58
607.873	-3813.96
607.51	-3617.02
607.151	-3638.12
606.789	-3583.61
606.426	-3112.36
606.065	-2604.18
605.704	-2502.2
605.344	-2627.04
604.981	-2470.55
604.623	-2676.28
604.261	-3145.77
603.9	-3263.58
603.537	-3094.78
603.178	-3135.22
602.816	-3175.66
602.453	-2887.29
602.092	-2604.18
601.732	-2736.06
601.372	-3105.33
601.01	-3207.31
600.651	-3592.4
600.289	-4155.09
599.928	-4345
599.566	-4139.26
599.205	-4081.24
598.844	-4139.26
598.48	-3826.27
598.122	-3805.17
597.76	-4058.38
597.399	-4107.61
597.037	-4067.17
596.678	-4404.78
596.317	-4765.25
595.954	-4643.92
595.592	-4343.24
595.232	-4362.58
594.871	-4598.2
594.509	-4587.65
594.151	-4919.99
593.789	-5554.77
593.429	-5946.89
593.066	-6126.25
592.708	-6511.34
592.346	-6808.51
591.982	-6636.18
591.621	-6328.47
591.26	-6312.64
590.899	-6432.21
590.536	-6251.1
590.178	-6423.42
589.816	-6855.98
589.455	-7008.96
589.093	-6817.3
588.733	-6790.92
588.372	-6957.97
588.009	-6806.75
587.651	-6933.35
587.288	-7234.04
586.927	-7211.18
586.565	-7044.13
586.206	-7260.41
585.845	-7598.03
585.483	-7566.38
585.121	-7378.23
584.761	-7436.25
584.4	-7589.23
584.037	-7355.37
583.678	-7348.33
583.316	-7568.13
582.955	-7531.21
582.592	-7325.48
582.234	-7429.22
581.872	-7557.58
581.509	-7299.1
581.148	-6940.39
580.788	-6885.88
580.427	-6957.97
580.064	-6685.42
579.706	-6720.59
579.344	-7059.96
578.983	-7163.7
578.621	-6912.25
578.261	-6790.92
577.899	-6766.31
577.536	-6316.16
577.177	-6077.01
576.814	-6008.44
576.453	-5711.27
576.091	-5403.55
575.734	-5598.73
575.373	-5953.93
575.011	-5934.58
574.65	-5800.95
574.29	-5989.09
573.929	-6296.81
573.566	-6196.59
573.208	-6265.16
572.845	-6456.83
572.484	-6358.36
572.122	-6154.38
571.764	-6365.39
571.403	-6681.9
571.04	-6593.98
570.679	-6363.63
570.319	-6441
569.959	-6681.9
569.596	-6588.71
569.238	-6736.41
568.876	-7066.99
568.515	-7116.23
568.153	-6898.19
567.793	-6931.59
567.432	-7123.26
567.069	-6908.74
566.711	-6950.94
566.349	-7227.01
565.988	-7223.49
565.625	-7030.06
565.267	-7156.67
564.906	-7392.29
564.544	-7300.86
564.183	-7121.5
563.823	-7232.28
563.462	-7439.77
563.099	-7227.01
562.74	-7177.77
562.378	-7211.18
562.016	-6871.81
561.654	-6419.9
561.296	-6400.56
560.934	-6476.17
560.572	-6145.59
560.211	-5697.2
559.85	-5558.29
559.489	-5533.67
559.126	-5101.11
558.768	-4916.47
558.406	-4986.81
558.045	-4825.04
557.684	-4413.57
557.324	-4343.24
556.964	-4585.9
556.602	-4459.29
556.243	-4476.87
555.881	-4601.72
555.52	-4425.88
555.158	-4165.64
554.8	-4343.24
554.44	-4712.5
554.078	-4821.52
553.718	-4881.31
553.358	-5218.92
552.997	-5593.46
552.634	-5517.84
552.276	-5655
551.914	-5997.89
551.554	-6071.74
551.191	-5973.27
550.833	-6186.04
550.472	-6521.89
550.111	-6585.19
549.75	-6585.19
549.39	-6848.95
549.029	-7137.33
548.666	-6929.84
548.307	-6848.95
547.945	-6887.63
547.584	-6648.49
547.222	-6207.14
546.863	-6194.83
546.503	-6574.64
546.141	-6666.08
545.783	-6905.22
545.421	-7212.94
545.06	-7195.35
544.698	-7065.23
544.34	-7290.31
543.978	-7534.72
543.616	-7390.54
543.255	-7163.7
542.896	-7309.65
542.535	-7610.34
542.172	-7438.01
541.813	-7367.68
541.451	-7362.4
541.09	-7033.58
540.728	-6639.7
540.37	-6710.04
540.009	-6922.8
539.647	-6794.44
539.286	-6581.67
538.927	-6724.1
538.567	-7040.62
538.205	-7014.24
537.847	-7241.07
537.484	-7550.55
537.123	-7416.91
536.761	-6929.84
536.401	-6734.65
536.041	-6884.12
535.679	-6794.44
535.321	-6989.62
534.96	-7343.06
534.599	-7316.68
534.236	-7005.45
533.877	-6905.22
533.516	-6771.58
533.153	-6266.92
532.793	-5820.29
532.434	-5887.11
532.074	-6217.69
531.712	-6198.34
531.353	-6344.29
530.991	-6551.78
530.63	-6331.98
530.267	-5843.15
529.909	-5655
529.548	-5633.9
529.187	-5449.27
528.827	-5319.15
528.467	-5494.99
528.106	-5688.41
527.744	-5412.34
527.385	-5384.21
527.024	-5549.5
526.663	-5380.69
526.301	-4867.24
525.941	-4540.18
525.58	-4457.53
525.218	-4105.85
524.861	-4130.47
524.5	-4476.87
524.139	-4526.11
523.777	-4325.65
523.418	-4341.48
523.057	-4345
522.695	-3979.25
522.334	-3585.37
521.975	-3569.54
521.615	-3708.46
521.252	-3479.86
520.894	-3502.72
520.533	-3748.9
520.172	-3706.7
519.81	-3488.66
519.452	-3594.16
519.091	-3706.7
518.729	-3444.7
518.369	-3180.94
518.01	-3298.75
517.649	-3520.31
517.286	-3244.24
516.928	-3101.81
516.566	-3121.15
516.205	-2841.57
515.844	-2303.5
515.485	-2108.32
515.125	-2243.71
514.763	-2169.86
514.406	-2461.75
514.045	-3010.37
513.685	-3256.55
513.323	-3270.62
512.965	-3525.58
512.604	-3729.56
512.241	-3479.86
511.88	-3098.29
511.521	-3061.37
511.161	-3288.2
510.799	-3288.2
510.442	-3648.67
510.081	-4221.91
509.72	-4399.51
509.358	-4295.76
509	-4445.22
508.639	-4596.45
508.277	-4334.44
507.916	-3973.97
507.557	-3966.94
507.197	-4195.53
506.835	-4112.89
506.477	-4285.21
506.115	-4608.75
505.754	-4559.52
505.393	-4165.64
505.033	-3996.83
504.673	-4049.58
504.31	-3740.11
503.952	-3680.32
503.591	-3880.78
503.231	-3854.4
502.869	-3711.97
502.512	-3937.05
502.151	-4241.25
501.79	-4160.36
501.429	-3940.56
501.07	-3996.83
500.709	-4163.88
500.347	-3977.49
499.99	-4142.78
499.629	-4607
499.269	-4775.8
498.907	-4731.84
498.549	-4986.81
498.188	-5315.63
497.827	-5278.7
497.466	-5116.93
497.107	-5261.12
496.747	-5551.25
496.385	-5516.09
496.027	-5755.23
495.665	-6136.8
495.305	-6082.29
494.943	-5614.56
494.583	-5352.56
494.223	-5324.42
493.86	-4970.98
493.502	-4884.82
493.141	-5032.53
492.781	-4960.43
492.42	-4858.45
492.063	-5183.75
491.702	-5507.29
491.34	-5298.05
490.979	-4879.55
490.619	-4759.98
490.259	-4793.39
489.896	-4432.91
489.538	-4297.52
489.177	-4329.17
488.816	-4051.34
488.454	-3599.44
488.096	-3446.46
487.735	-3307.54
487.373	-2792.33
487.013	-2238.44
486.653	-2060.84
486.293	-2039.74
485.931	-1644.1
485.574	-1552.66
485.213	-1751.36
484.853	-1712.68
484.492	-1383.86
484.133	-1292.42
483.773	-1382.1
483.41	-1086.69
483.053	-1058.55
482.691	-1229.12
482.331	-1081.41
481.969	-780.73
481.612	-858.1
481.251	-993.49
480.889	-699.84
480.529	-242.66
480.169	-65.06
479.809	-21.1
479.447	374.54
479.09	422.01
478.729	158.26
478.369	86.16
478.008	63.3
477.652	-367.5
477.291	-866.89
476.93	-926.67
476.57	-819.41
476.21	-960.08
475.85	-1160.54
475.488	-923.16
475.13	-995.25
474.77	-1459.47
474.411	-1775.98
474.05	-1793.56
473.69	-1918.41
473.329	-2050.29
472.967	-1624.76
472.608	-1401.44
472.247	-1424.3
471.887	-1260.77
471.526	-1077.9
471.169	-1376.82
470.809	-1790.05
470.448	-1783.01
470.087	-1587.83
469.728	-1614.21
469.368	-1721.47
469.005	-1419.03
468.647	-1345.17
468.286	-1431.33
467.926	-1267.8
467.565	-1076.14
467.208	-1366.27
466.848	-1770.7
466.486	-1744.33
466.126	-1538.6
465.767	-1579.04
465.407	-1744.33
465.045	-1570.25
464.688	-1719.71
464.327	-2166.34
463.967	-2350.97
463.606	-2203.27
463.247	-2217.34
462.887	-2370.32
462.525	-2087.22
462.167	-2039.74
461.806	-2227.89
461.446	-2171.62
461.085	-2011.6
460.728	-2284.16
460.368	-2743.1
460.007	-2890.8
459.648	-2987.51
459.289	-3414.8
458.929	-3905.4
458.567	-3901.88
458.209	-4044.31
457.848	-4318.62
457.487	-4262.35
457.126	-4075.96
456.769	-4279.93
456.408	-4556
456.047	-4443.47
455.686	-4179.71
455.327	-4206.08
454.967	-4376.65
454.605	-4158.61
454.248	-4146.3
453.886	-4213.12
453.525	-3905.4
453.165	-3358.54
452.806	-3219.62
452.447	-3421.84
452.085	-3261.82
451.727	-3305.78
451.366	-3502.72
451.006	-3362.05
450.644	-3034.99
450.287	-3049.06
449.927	-3133.46
449.565	-2880.25
449.206	-2581.32
448.847	-2658.69
448.487	-2859.15
448.125	-2623.53
447.768	-2623.53
447.407	-2804.64
447.046	-2665.73
446.685	-2372.08
446.328	-2470.55
445.968	-2667.49
445.607	-2547.91
445.247	-2338.67
444.888	-2428.34
444.528	-2623.53
444.166	-2321.08
443.808	-2162.83
443.446	-2066.11
443.085	-1579.04
442.725	-872.16
442.366	-611.92
442.007	-742.04
441.646	-553.89
441.288	-531.04
440.927	-583.79
440.567	-309.48
440.205	75.61
439.849	19.34
439.489	-123.09
439.127	182.87
438.767	601.37
438.409	576.75
438.05	256.73
437.689	221.56
437.332	-45.72
436.971	-443.12
436.611	-453.67
436.249	-167.05
435.891	-121.33
435.531	-100.23
435.169	260.24
434.81	615.44
434.451	592.58
434.091	506.42
433.729	863.37
433.372	938.98
433.011	805.35
432.651	972.39
432.291	1389.13
431.932	1482.33
431.573	1346.93
431.211	1519.25
430.855	1343.41
430.494	924.92
430.135	819.41
429.773	963.6
429.415	905.57
429.055	916.12
428.693	1362.76
428.333	1867.42
427.975	1916.65
427.616	1673.99
427.255	1737.29
426.898	1550.9
426.537	1250.22
426.176	1376.82
425.815	1705.64
425.458	1623
425.098	1457.71
424.737	1714.44
424.377	2030.95
424.019	1834.01
423.661	1322.31
423.299	1250.22
422.941	1195.71
422.579	1199.23
422.219	1573.76
421.858	2148.76
421.5	2314.05
421.141	2141.73
420.78	2227.89
420.424	1981.71
420.063	1524.53
419.703	1443.64
419.342	1644.1
418.985	1584.31
418.624	1496.39
418.263	1758.4
417.903	2094.25
417.545	2124.14
417.185	1976.44
416.824	2129.42
416.467	2022.15
416.106	1772.46
415.747	1844.56
415.386	2022.15
415.029	1802.36
414.669	1536.84
414.308	1712.68
413.948	2057.32
413.589	2071.39
413.23	1879.72
412.869	2025.67
412.511	1951.82
412.15	1767.19
411.791	1920.17
411.43	2354.49
411.072	2470.55
410.713	2280.64
410.352	2384.38
409.995	2169.86
409.635	1726.74
409.275	1647.62
408.914	1855.11
408.556	1849.83
408.196	1823.46
407.835	2101.28
407.476	2389.66
407.117	2285.91
406.758	2002.81
406.397	2097.77
406.04	1918.41
405.68	1522.77
405.32	1480.57
404.959	1675.75
404.602	1582.56
404.242	1484.09
403.88	1834.01
403.52	2307.01
403.162	2379.11
402.803	2141.73
402.443	2110.07
402.086	1754.88
401.726	1278.35
401.366	1274.84
401.004	1742.57
400.646	2022.15
400.286	2052.05
399.925	2349.22
399.568	2270.09
399.208	1927.2
398.849	1890.28
398.488	2052.05
398.131	1964.13
397.77	1967.64
397.408	2467.03
397.048	3094.78
396.69	3272.37
396.332	3073.68
395.971	3084.23
395.615	2757.16
395.255	2231.4
394.896	2046.77
394.535	1999.3
394.179	1556.18
393.819	1070.86
393.458	1067.35
393.098	1299.45
392.739	1294.18
392.38	1106.03
392.019	1190.43
391.663	923.16
391.303	413.22
390.943	277.83
390.583	567.96
390.224	719.18
389.864	710.39
389.503	1053.28
389.146	1074.38
388.786	831.72
388.426	856.34
388.066	1007.56
387.709	750.83
387.35	414.98
386.989	487.08
386.63	694.57
386.271	620.71
385.912	430.81
385.55	620.71
385.194	555.65
384.833	242.66
384.474	175.84
384.114	205.73
383.758	-140.67
383.398	-448.39
383.036	-214.52
382.676	246.18
382.317	395.64
381.958	297.17
381.598	469.49
381.241	279.58
380.882	-212.77
380.523	-429.05
380.162	-265.52
379.804	-226.83
379.444	-293.65
379.083	21.1
378.726	5.28
378.366	-284.86
378.007	-246.18
377.646	7.03
377.289	-119.57
376.93	-365.75
376.569	-242.66
376.21	-31.65
375.852	-135.4
375.492	-323.54
375.131	-58.03
374.774	3.52
374.413	-154.74
374.054	-80.89
373.694	109.02
373.337	-29.89
372.977	-160.01
372.616	161.77
372.257	550.38
371.899	539.83
371.54	385.09
371.179	668.19
370.821	770.18
370.461	675.22
370.102	780.73
369.742	1128.89
369.384	1204.5
369.025	1134.17
368.664	1515.74
368.306	1670.48
367.946	1696.85
367.586	2023.91
367.226	2428.34
366.87	2301.74
366.511	1965.89
366.151	2023.91
365.792	2210.3
365.434	2078.42
365.075	1805.87
364.714	1986.99
364.357	2022.15
363.996	1909.62
363.637	2131.18
363.276	2481.1
362.92	2430.1
362.56	2343.94
362.199	2778.26
361.839	3413.05
361.48	3757.69
361.121	3938.81
360.76	4395.99
360.404	4506.77
360.044	4345
359.685	4459.29
359.325	4849.65
358.967	4978.02
358.608	4930.54
358.247	5303.32
357.89	5456.3
357.53	5407.07
357.171	5630.38
356.811	5950.41
356.455	5853.7
356.096	5637.42
355.735	5769.3
355.376	6006.68
355.018	5953.93
354.659	5825.56
354.298	6131.52
353.941	6205.38
353.581	6059.43
353.222	6187.79
352.862	6416.38
352.506	6184.28
352.147	5834.36
351.787	5837.87
351.428	5932.83
351.071	5697.2
350.712	5356.07
350.35	5542.46
349.993	5646.21
349.632	5686.65
349.273	6078.77
348.913	6731.14
348.555	6950.94
348.197	6743.45
347.837	6845.43
347.48	6787.41
347.119	6660.8
346.76	6848.95
346.4	7151.39
346.044	7044.13
345.685	6787.41
345.325	6840.16
344.967	6877.08
344.61	6506.06
344.251	6010.2
343.89	5925.79
343.534	5593.46
343.174	5157.37
342.814	5194.3
342.454	5468.61
342.097	5382.45
341.738	5190.78
341.378	5393
341.019	5688.41
340.661	5600.49
340.303	5294.53
339.942	5333.21
339.585	5171.44
339.225	4909.44
338.866	5013.19
338.506	5366.62
338.149	5296.29
337.791	4883.06
337.431	4849.65
337.074	4652.71
336.714	4345
336.355	4346.75
335.995	4446.98
335.639	4165.64
335.28	3864.95
334.919	3979.25
334.561	4125.2
334.204	3764.72
333.846	3105.33
333.486	2815.19
333.129	2386.14
332.769	1951.82
332.409	2020.4
332.048	2343.94
331.692	2315.81
331.332	2206.79
330.972	2467.03
330.613	2802.88
330.255	2787.06
329.897	2614.73
329.536	2846.84
329.179	2829.26
328.819	2620.01
328.46	2778.26
328.1	3302.27
327.742	3601.19
327.383	3669.77
327.023	4056.62
326.667	4102.34
326.307	3912.43
325.948	4054.86
325.588	4380.16
325.231	4359.06
324.872	4290.48
324.512	4612.27
324.153	4949.88
323.796	4795.14
323.439	4360.82
323.078	4271.14
322.722	4042.55
322.361	3829.79
322.002	4060.14
321.642	4387.2
321.287	4184.98
320.928	3845.61
320.568	3945.84
320.209	4214.87
319.851	4174.43
319.492	3972.22
319.132	4169.16
318.775	4174.43
318.415	4075.96
318.056	4362.58
317.696	4934.06
317.338	5192.54
316.98	5134.51
316.62	5322.66
316.265	5104.62
315.906	4610.51
315.547	4519.08
315.186	4763.49
314.829	4814.49
314.47	4881.31
314.109	5347.28
313.75	5909.97
313.392	6128.01
313.034	6152.63
312.674	6467.38
312.318	6442.76
311.958	6201.86
311.6	6300.33
311.239	6608.05
310.884	6578.16
310.524	6504.3
310.164	6840.16
309.805	7248.11
309.448	7253.38
309.09	7031.82
308.73	7200.63
308.374	7168.98
308.014	7000.17
307.655	7216.45
307.295	7779.14
306.937	8056.97
306.579	8058.73
306.218	8420.96
305.862	8496.57
305.503	8313.69
305.145	8401.61
304.785	8663.61
304.429	8603.83
304.069	8552.84
303.709	8941.44
303.35	9444.34
302.993	9644.8
302.634	9702.83
302.274	10070.33
301.919	10021.1
301.56	9607.87
301.201	9479.51
300.841	9600.84
300.485	9481.27
300.126	9396.87
299.766	9745.03
299.407	10179.35
299.05	10232.1
298.692	10042.2
298.332	10080.88
297.977	9753.82
297.618	9231.58
297.259	9112.01
296.899	9437.31
296.542	9572.7
296.183	9514.68
295.822	9889.22
295.466	10014.06
295.107	9899.77
294.749	10007.03
294.389	10179.35
294.034	9973.62
293.675	9755.58
293.314	10001.75
292.955	10436.08
292.598	10536.31
292.24	10422.01
291.88	10603.12
291.525	10450.14
291.165	10098.46
290.807	10073.85
290.447	10226.83
290.091	10031.65
289.733	9753.82
289.373	9896.25
289.014	10239.14
288.656	10312.99
288.298	10221.55
287.938	10437.84
287.583	10288.37
287.223	9917.35
286.864	9971.86
286.505	10443.11
286.148	10638.29
285.789	10543.34
285.429	10770.17
285.073	10763.14
284.714	10634.78
284.355	10835.23
283.995	11155.26
283.64	11011.07
283.282	10771.93
282.922	11005.8
282.562	11477.05
282.205	11723.22
281.846	11828.73
281.486	12224.36
281.131	12175.13
280.772	11781.25
280.414	11679.26
280.055	11800.59
279.699	11668.71
279.34	11577.28
278.98	11923.68
278.621	12361.52
278.264	12444.16
277.906	12389.65
277.545	12764.19
277.189	12880.25
276.83	12765.95
276.472	12910.14
276.113	13302.26
275.756	13383.15
275.398	13242.48
275.037	13580.09
274.681	13799.89
274.321	13926.49
273.963	14367.85
273.603	14856.68
273.248	14868.99
272.889	14825.03
272.529	15257.6
272.17	15843.14
271.813	16101.63
271.455	16217.68
271.094	16785.64
270.738	17146.11
270.379	17262.17
270.021	17566.37
269.662	17889.92
269.307	17756.28
268.948	17599.78
268.589	17895.19
268.23	18283.8
267.873	18299.62
267.516	18130.82
267.156	18389.3
266.8	18449.08
266.44	18317.21
266.082	18456.12
265.724	18844.72
265.366	18987.15
265.008	18994.19
264.648	19432.03
264.293	19549.84
263.934	19377.52
263.576	19470.71
263.216	19730.96
262.861	19630.73
262.503	19433.79
262.143	19599.08
261.785	19899.76
261.428	19959.55
261.069	19957.79
260.709	20425.52
260.353	20657.63
259.993	20689.28
259.635	20982.93
259.276	21327.58
258.921	21206.25
258.563	20989.97
258.203	21244.93
257.845	21744.32
257.487	22027.42
257.129	22183.92
256.769	22700.88
256.413	22966.4
256.053	23043.77
255.695	23393.69
255.337	23977.48
254.98	24214.86
254.622	24158.59
254.263	24454.01
253.908	24450.49
253.549	24241.24
253.19	24438.18
252.83	24893.6
252.475	24974.49
252.117	24860.19
251.758	25016.69
251.4	25283.97
251.043	25380.68
250.684	25533.66
250.323	26182.51
249.968	26542.98
249.609	26608.04
249.251	26933.34
248.891	27443.28
248.536	27543.51
248.178	27471.41
247.819	27673.63
247.462	27874.08
247.105	27707.04
246.748	27422.18
246.388	27613.84
246.032	27661.32
245.672	27685.94
245.313	28215.21
244.954	29082.1
244.597	29523.46
244.24	29526.98
243.881	29783.7
243.526	29730.95
243.167	29483.02
242.809	29576.21
242.45	29841.73
242.095	29718.64
241.737	29521.7
241.378	29701.06
241.02	29936.68
240.664	29769.63
240.307	29395.1
239.947	29414.44
239.592	29252.67
239.232	29008.25
238.874	29192.88
238.514	29579.73
238.159	29583.24
237.801	29526.98
237.441	29857.55
237.083	30249.68
236.727	30300.67
236.369	30276.05
236.008	30742.03
235.653	30965.34
235.294	31000.51
234.935	31403.18
234.576	32104.78
234.22	32452.95
233.862	32474.05
233.503	32896.06
233.147	33149.27
232.788	33251.26
232.43	33660.96
232.07	34183.21
231.716	34258.82
231.358	34204.31
230.999	34497.96
230.642	34802.16
230.285	34705.45
229.928	34448.72
229.568	34594.67
229.213	34555.99
228.854	34408.28
228.496	34686.11
228.136	35213.63
227.781	35385.95
227.422	35472.11
227.063	35906.43
226.706	36368.89
226.349	36391.75
225.992	36245.8
225.632	36604.52
225.276	36817.28
224.917	36873.55
224.559	37228.75
224.201	37812.54
223.845	38014.75
223.487	37916.28
223.128	38146.63
222.773	38079.81
222.415	37849.46
222.057	38011.23
221.697	38426.22
221.342	38549.3
220.983	38670.63
220.624	39175.29
220.266	39706.33
219.91	39803.04
219.553	39648.3
219.194	39887.44
218.838	39971.84
218.479	40019.32
218.12	40560.91
217.76	41353.94
217.405	41739.03
217.047	41944.76
216.688	42458.22
216.331	42989.25
215.975	43135.2
215.617	43129.92
215.258	43537.87
214.903	43685.58
214.544	43611.72
214.187	43799.87
213.829	44228.92
213.472	44397.73
213.114	44448.72
212.754	45009.65
212.399	45278.68
212.041	45257.58
211.683	45510.79
211.324	45969.73
210.969	46152.6
210.611	46319.65
210.251	46859.48
209.894	47408.1
209.538	47504.81
209.181	47381.72
208.822	47654.27
208.467	47668.34
208.108	47501.29
207.751	47694.72
207.391	48123.77
207.036	48290.81
206.677	48517.65
206.318	49210.45
205.96	49973.6
205.604	50328.79
205.246	50476.5
204.887	50998.74
204.532	51222.06
204.174	51209.75
203.816	51480.54
203.458	52046.75
203.102	52298.2
202.745	52277.1
202.386	52653.39
202.03	52813.41
201.672	52808.13
201.314	53094.75
200.955	53558.97
200.6	53755.91
200.241	54060.11
199.882	54872.49
199.524	55788.61
199.167	56310.85
198.809	56687.15
198.45	57476.67
198.095	57925.06
197.737	58127.28
197.379	58623.14
197.02	59340.57
196.665	59760.83
196.307	60138.88
195.948	60905.54
195.59	61712.65
195.234	62166.31
194.876	62472.27
194.517	63166.84
194.162	63587.1
193.804	63775.24
193.446	64293.97
193.088	65139.76
192.731	65677.83
192.374	65922.24
192.015	66495.48
191.661	66803.2
191.302	66980.8
190.944	67503.04
190.585	68188.82
190.231	68507.09
189.872	68862.28
189.513	69780.16
189.154	70889.71
188.798	71684.51
188.44	72328.08
188.08	73358.5
187.726	73988
187.368	74271.11
187.011	74825
186.652	75574.08
186.296	76096.32
185.938	76715.28
185.579	77801.96
185.221	78960.75
184.865	79651.8
184.508	80072.05
184.149	80822.89
183.795	81241.39
183.436	81487.56
183.078	82210.26
182.719	83391.9
182.362	84366.05
182.005	85171.4
181.645	86411.07
181.29	87339.5
180.931	88009.45
180.574	88962.5
180.215	90008.74
179.861	90624.18
179.503	91248.41
179.143	92379.06
178.785	93699.62
178.429	94719.49
178.071	95582.86
177.712	96778.57
177.358	97575.12
177	98076.26
176.643	98834.13
176.285	99648.27
175.931	99957.75
175.574	100168.75
175.214	100956.51
174.856	102102.99
174.498	103193.19
174.139	104453.96
173.778	106421.61
173.421	108317.16
173.061	110142.37
172.703	112294.65
172.343	114712.44
171.986	116811.97
171.628	118654.76
171.268	120917.82
170.913	122887.22
170.554	124675.51
170.195	126864.71
169.835	129358.12
169.479	131577.21
169.12	133870.16
168.76	136697.66
168.401	139644.73
168.045	142083.63
167.689	143979.18
167.332	145677.79
166.98	146430.38
166.625	146560.5
166.269	146945.59
165.911	147666.53
165.556	148292.52
165.198	149175.23
164.838	150812.3
164.478	152925.89
164.12	155044.76
163.76	157313.09
163.399	160177.51
163.043	162772.91
162.684	165137.95
162.325	167766.75
161.967	170581.94
161.611	172866.1
161.255	174712.41
160.896	176743.36
160.543	178253.82
160.185	179528.66
159.827	181246.61
159.468	183386.58
159.111	185452.69
158.752	187743.88
158.392	190536.21
158.034	193346.13
157.678	195654.9
157.322	197557.48
156.963	199662.28
156.609	201429.47
156.251	203006.75
155.892	205101
155.532	207793.1
155.175	210479.93
154.815	213506.13
154.453	217277.89
154.093	221390.78
153.734	225399.92
153.374	229514.56
153.011	234269.26
152.654	238765.48
152.294	243041.9
151.935	247550.42
151.576	252363.15
151.218	256885.75
150.859	261267.67
150.497	266270.3
150.14	271265.9
149.778	276491.85
149.416	282384.24
149.054	288691.6
148.697	294548.82
148.338	300124.69
147.98	305660.12
147.622	310938.82
147.265	315841.23
146.906	320840.35
146.544	326634.26
146.186	332400.04
145.825	338220.33
145.465	344452.08
145.105	350843.85
144.749	356549.84
144.392	361745.9
144.035	366811.84
143.679	371482.13
143.325	375410.39
142.97	378958.83
142.612	382749.93
142.259	385976.59
141.904	388607.15
141.551	390958.12
141.198	392918.73
140.848	393757.49
140.498	393470.87
140.147	392654.97
139.801	390595.89
139.453	387254.94
139.107	383145.57
138.76	378181.62
138.417	372058.89
138.071	365106.19
137.723	357847.54
137.378	350026.19
137.033	341250.04
136.688	331694.92
136.341	321849.66
135.998	311192.03
135.653	299574.31
135.307	287773.72
134.959	275853.56
134.613	263820.86
134.262	252090.6
133.908	241434.72
133.553	231744.21
133.199	222563.63
132.842	214052.99
132.482	206829.5
132.126	200407.84
131.764	194784.49
131.402	190634.68
131.039	187898.62
130.677	185799.09
130.316	184067.07
129.952	183156.23
129.594	182357.91
129.232	181677.41
128.871	181652.8
128.509	182020.3
128.152	182087.12
127.794	181932.38
127.435	181781.16
127.08	181098.9
126.728	179331.72
126.375	176701.16
126.021	173745.29
125.671	169978.81
125.318	165530.07
124.967	160942.42
124.614	156075.18
124.265	150567.88
123.912	144715.94
123.559	138992.37
123.208	132992.72
122.859	126115.64
122.509	118536.95
122.157	110981.13
121.808	103115.82
121.454	95036
121.101	87496
120.746	80476.48
120.394	73351.46
120.04	66011.92
119.684	59117.25
119.333	52168.08
118.976	45180.21
118.62	38927.36
118.262	33286.43
117.906	27896.94
117.548	22941.79
117.187	18930.89
116.828	15530.15
116.47	12234.92
116.11	9307.19
115.748	7274.48
115.391	5449.27
115.029	3764.72
114.67	2683.31
114.309	1920.17
113.952	935.47
113.592	94.95
113.231	22.86
112.87	478.28
112.511	935.47
112.151	1420.78
111.79	2335.15
111.434	2894.32
111.074	3202.04
110.716	3882.54
110.356	4923.51
109.999	5669.07
109.642	6091.08
109.283	6718.83
108.929	6761.03
108.572	6254.61
108.217	5809.74
107.859	5378.93
107.506	4541.94
107.149	3611.74
106.792	3022.68
106.435	2509.23
106.08	1659.93
105.724	597.85
105.367	-182.87
105.013	-1327.59
104.656	-2739.58
104.3	-3762.97
103.941	-4452.26
103.587	-5291.01
103.229	-6066.46
102.872	-6542.99
102.516	-7239.31
102.163	-8619.65
101.808	-10381.57
101.451	-11890.27
101.099	-13856.16
100.745	-16416.38
100.392	-19140.13
100.039	-22118.86
99.689	-25924.02
99.337	-30423.76
98.983	-34828.54
98.634	-39641.27
98.281	-45023.71
97.931	-50574.97
97.579	-56585.16
97.233	-63516.76
96.883	-71141.16
96.533	-78943.16
96.185	-87239.27
95.839	-96637.9
95.494	-107149.58
95.147	-118332.98
94.806	-130606.58
94.461	-144121.61
94.119	-158280.21
93.777	-173555.39
93.441	-190515.11
93.105	-209377.42
92.769	-229741.4
92.435	-251647.49
92.103	-275375.27
91.771	-300833.32
91.438	-327692.81
91.111	-356166.51
90.781	-386803.03
90.453	-418758.35
90.127	-452312.05
89.808	-488302.89
89.494	-527687.43
89.181	-570479.74
88.874	-616347.49
88.566	-665986.99
88.26	-718246.5
87.952	-773384.51
87.648	-830692.37
87.345	-890899.83
87.043	-953714.99
86.746	-1019278.52
86.451	-1088197.07
86.156	-1160396.79
85.86	-1235591.05
85.573	-1312607.01
85.294	-1393338.46
85.027	-1477699.24
84.766	-1567693.92
84.51	-1663090.39
84.249	-1765483.51
83.982	-1872949.61
83.713	-1983201
83.447	-2095831.5
83.188	-2210498.23
82.934	-2328337.09
82.69	-2448504.08
82.449	-2574482.56
82.211	-2704521.18
81.974	-2839947.52
81.739	-2979824.36
81.506	-3123868.59
81.274	-3272182.21
81.051	-3421598.35
80.831	-3575637.3
80.608	-3737195.16
80.409	-3890024.34
80.195	-4061474.92
80.005	-4222044.56
79.806	-4397724.09
79.613	-4574163.24
79.424	-4754351.3
79.239	-4938372.65
79.054	-5129517.27
78.873	-5321938.48
78.694	-5519626.08
78.521	-5718045.18
78.35	-5920974.56
78.184	-6125530.46
78.017	-6337633.39
77.848	-6557696.58
77.678	-6782987.47
77.506	-7015686.49
77.335	-7250376.01
77.167	-7486911.85
77.01	-7716266.39
76.859	-7943973.33
76.719	-8164898.13
76.589	-8380866.01
76.472	-8587502.09
76.369	-8783049.73
76.271	-8978238.65
76.176	-9179196.87
76.07	-9408498.67
75.95	-9667939.36
75.813	-9958996.01
75.665	-9999999.99
75.51	-9999999.99
75.352	-9999999.99
75.199	-9999999.99
75.049	-9999999.99
74.907	-9999999.99
74.771	-9999999.99
74.647	-9999999.99
74.531	-9999999.99
74.423	-9999999.99
74.318	-9999999.99
74.218	-9999999.99
74.116	-9999999.99
74.01	-9999999.99
73.901	-9999999.99
73.786	-9999999.99
73.672	-9999999.99
73.558	-9999999.99
73.45	-9999999.99
73.346	-9999999.99
73.249	-9999999.99
73.155	-9999999.99
73.063	-9999999.99
72.971	-9999999.99
72.876	-9999999.99
72.781	-9999999.99
72.681	-9999999.99
72.581	-9999999.99
72.48	-9999999.99
72.383	-9999999.99
72.265	-9999999.99
72.168	-9999999.99
72.098	-9999999.99
71.997	-9999999.99
71.949	-9999999.99
71.863	-9999999.99
71.805	-9999999.99
71.752	-9999999.99
71.703	-9999999.99
71.679	-9999999.99
71.632	-9999999.99
71.579	-9999999.99
71.519	-9999999.99
71.455	-9999999.99
71.385	-9999999.99
71.311	-9999999.99
71.231	-9999999.99
71.15	-9999999.99
71.066	-9999999.99
70.984	-9999999.99
70.901	-9999999.99
70.82	-9999999.99
70.744	-9999999.99
70.667	-9999999.99
70.595	-9999999.99
70.524	-9999999.99
70.459	-9999999.99
70.399	-9999999.99
70.346	-9999999.99
70.294	-9999999.99
70.242	-9999999.99
70.191	-9999999.99
70.137	-9999999.99
70.082	-9999999.99
70.024	-9999999.99
69.966	-9999999.99
69.906	-9999999.99
69.845	-9999999.99
69.782	-9999999.99
69.721	-9999999.99
69.662	-9999999.99
69.605	-9999999.99
69.553	-9999999.99
69.504	-9999999.99
69.459	-9999999.99
69.414	-9999999.99
69.372	-9999999.99
69.331	-9999999.99
69.294	-9999999.99
69.257	-9999999.99
69.223	-9999999.99
69.192	-9999999.99
69.158	-9999999.99
69.124	-9999999.99
69.086	-9999999.99
69.047	-9999999.99
69.005	-9999999.99
68.967	-9999999.99
68.929	-9999999.99
68.891	-9999999.99
68.855	-9999999.99
68.817	-9999999.99
68.779	-9999999.99
68.738	-9999999.99
68.701	-9999999.99
68.668	-9999999.99
68.643	-9999999.99
68.622	-9999999.99
68.604	-9999999.99
68.582	-9999999.99
68.554	-9999999.99
68.502	-9999999.99
68.495	-9999999.99
68.443	-9999999.99
68.436	-9999999.99
68.404	-9999999.99
68.351	-9999999.99
68.347	-9999999.99
68.294	-9999999.99
68.289	-9999999.99
68.26	-9999999.99
68.221	-9999999.99
68.18	-9999999.99
68.146	-9999999.99
68.105	-9999999.99
68.064	-9999999.99
68.023	-9999999.99
67.979	-9999999.99
67.938	-9999999.99
67.895	-9999999.99
67.856	-9999999.99
67.819	-9999999.99
67.786	-9999999.99
67.755	-9999999.99
67.726	-9999999.99
67.696	-9999999.99
67.67	-9999999.99
67.644	-9999999.99
67.617	-9999999.99
67.59	-9999999.99
67.555	-9999999.99
67.51	-9999999.99
67.45	-9999999.99
67.385	-9999999.99
67.323	-9999999.99
67.269	-9999999.99
67.217	-9999999.99
67.161	-9999999.99
67.103	-9999999.99
67.052	-9999999.99
67.017	-9999999.99
66.994	-9999999.99
66.979	-9999999.99
66.962	-9999999.99
66.949	-9999999.99
66.94	-9999999.99
66.93	-9999999.99
66.916	-9999999.99
66.897	-9999999.99
66.879	-9999999.99
66.861	-9999999.99
66.848	-9999999.99
66.835	-9999999.99
66.822	-9999999.99
66.807	-9999999.99
66.796	-9999999.99
66.789	-9999999.99
66.78	-9999999.99
66.767	-9999999.99
66.745	-9999999.99
66.722	-9999999.99
66.702	-9999999.99
66.686	-9999999.99
66.654	-9999999.99
66.577	-9999999.99
66.517	-9999999.99
66.42	-9999999.99
66.377	-9999999.99
66.286	-9999999.99
66.237	-9999999.99
66.134	-9999999.99
66.096	-9999999.99
66.065	-9999999.99
66.046	-9999999.99
66.025	-9999999.99
65.991	-9999999.99
65.945	-9999999.99
65.904	-9999999.99
65.874	-9999999.99
65.849	-9999999.99
65.828	-9999999.99
65.801	-9999999.99
65.765	-9999999.99
65.707	-9999999.99
65.651	-9999999.99
65.611	-9999999.99
65.579	-9999999.99
65.544	-9999999.99
65.478	-9999999.99
65.451	-9999999.99
65.376	-9999999.99
65.339	-9999999.99
65.258	-9999999.99
65.223	-9999999.99
65.153	-9999999.99
65.129	-9999999.99
65.064	-9999999.99
65.039	-9999999.99
64.978	-9999999.99
64.965	-9999999.99
64.93	-9999999.99
64.871	-9999999.99
64.851	-9999999.99
64.785	-9999999.99
64.765	-9999999.99
64.705	-9999999.99
64.692	-9999999.99
64.639	-9999999.99
64.632	-9999999.99
64.584	-9999999.99
64.581	-9999999.99
64.556	-9999999.99
64.529	-9999999.99
64.506	-9999999.99
64.486	-9999999.99
64.467	-9999999.99
64.446	-9999999.99
64.424	-9999999.99
64.407	-9999999.99
64.389	-9999999.99
64.371	-9999999.99
64.349	-9999999.99
64.325	-9999999.99
64.298	-9999999.99
64.276	-9999999.99
64.247	-9999999.99
64.218	-9999999.99
64.172	-9999999.99
64.166	-9999999.99
64.111	-9999999.99
64.103	-9999999.99
64.068	-9999999.99
64.027	-9999999.99
63.979	-9999999.99
63.929	-9999999.99
63.885	-9999999.99
63.843	-9999999.99
63.817	-9999999.99
63.8	-9999999.99
63.791	-9999999.99
63.781	-9999999.99
63.772	-9999999.99
63.761	-9999999.99
63.74	-9999999.99
63.714	-9999999.99
63.687	-9999999.99
63.662	-9999999.99
63.643	-9999999.99
63.621	-9999999.99
63.596	-9999999.99
63.561	-9999999.99
63.519	-9999999.99
63.466	-9999999.99
63.411	-9999999.99
63.363	-9999999.99
63.333	-9999999.99
63.315	-9999999.99
63.299	-9999999.99
63.278	-9999999.99
63.248	-9999999.99
63.221	-9999999.99
63.204	-9999999.99
63.203	-9999999.99
63.201	-9999999.99
63.192	-9999999.99
63.178	-9999999.99
63.164	-9999999.99
63.154	-9999999.99
63.139	-9999999.99
63.114	-9999999.99
63.084	-9999999.99
63.014	-9999999.99
63.013	-9999999.99
62.957	-9999999.99
62.946	-9999999.99
62.895	-9999999.99
62.889	-9999999.99
62.838	-9999999.99
62.827	-9999999.99
62.772	-9999999.99
62.759	-9999999.99
62.727	-9999999.99
62.71	-9999999.99
62.695	-9999999.99
62.678	-9999999.99
62.671	-9999999.99
62.668	-9999999.99
62.665	-9999999.99
62.66	-9999999.99
62.649	-9999999.99
62.638	-9999999.99
62.627	-9999999.99
62.618	-9999999.99
62.611	-9999999.99
62.606	-9999999.99
62.599	-9999999.99
62.584	-9999999.99
62.563	-9999999.99
62.537	-9999999.99
62.51	-9999999.99
62.479	-9999999.99
62.446	-9999999.99
62.409	-9999999.99
62.373	-9999999.99
62.342	-9999999.99
62.321	-9999999.99
62.305	-9999999.99
62.287	-9999999.99
62.27	-9999999.99
62.253	-9999999.99
62.241	-9999999.99
62.225	-9999999.99
62.208	-9999999.99
62.192	-9999999.99
62.184	-9999999.99
62.179	-9999999.99
62.172	-9999999.99
62.163	-9999999.99
62.148	-9999999.99
62.136	-9999999.99
62.126	-9999999.99
62.12	-9999999.99
62.114	-9999999.99
62.109	-9999999.99
62.103	-9999999.99
62.093	-9999999.99
62.082	-9999999.99
62.069	-9999999.99
62.059	-9999999.99
62.05	-9999999.99
62.046	-9999999.99
62.041	-9999999.99
62.034	-9999999.99
62.019	-9999999.99
62.004	-9999999.99
61.98	-9999999.99
61.96	-9999999.99
61.941	-9999999.99
61.916	-9999999.99
61.889	-9999999.99
61.868	-9999999.99
61.849	-9999999.99
61.826	-9999999.99
61.799	-9999999.99
61.764	-9999999.99
61.713	-9999999.99
61.664	-9999999.99
61.646	-9999999.99
61.624	-9999999.99
61.591	-9999999.99
61.561	-9999999.99
61.54	-9999999.99
61.528	-9999999.99
61.521	-9999999.99
61.515	-9999999.99
61.508	-9999999.99
61.497	-9999999.99
61.485	-9999999.99
61.471	-9999999.99
61.459	-9999999.99
61.452	-9999999.99
61.444	-9999999.99
61.434	-9999999.99
61.415	-9999999.99
61.392	-9999999.99
61.369	-9999999.99
61.353	-9999999.99
61.341	-9999999.99
61.324	-9999999.99
61.303	-9999999.99
61.275	-9999999.99
61.248	-9999999.99
61.222	-9999999.99
61.202	-9999999.99
61.185	-9999999.99
61.171	-9999999.99
61.153	-9999999.99
61.136	-9999999.99
61.119	-9999999.99
61.102	-9999999.99
61.088	-9999999.99
61.072	-9999999.99
61.059	-9999999.99
61.045	-9999999.99
61.034	-9999999.99
61.018	-9999999.99
60.999	-9999999.99
60.978	-9999999.99
60.958	-9999999.99
60.944	-9999999.99
60.928	-9999999.99
60.912	-9999999.99
60.89	-9999999.99
60.869	-9999999.99
60.851	-9999999.99
60.841	-9999999.99
60.836	-9999999.99
60.831	-9999999.99
60.825	-9999999.99
60.813	-9999999.99
60.799	-9999999.99
60.78	-9999999.99
60.763	-9999999.99
60.748	-9999999.99
60.735	-9999999.99
60.721	-9999999.99
60.709	-9999999.99
60.696	-9999999.99
60.681	-9999999.99
60.668	-9999999.99
60.654	-9999999.99
60.641	-9999999.99
60.622	-9999999.99
60.6	-9999999.99
60.574	-9999999.99
60.548	-9999999.99
60.521	-9999999.99
60.495	-9999999.99
60.471	-9999999.99
60.443	-9999999.99
60.416	-9999999.99
60.385	-9999999.99
60.352	-9999999.99
60.315	-9999999.99
60.281	-9999999.99
60.252	-9999999.99
60.229	-9999999.99
60.213	-9999999.99
60.196	-9999999.99
60.18	-9999999.99
60.161	-9999999.99
60.143	-9999999.99
60.128	-9999999.99
60.118	-9999999.99
60.107	-9999999.99
60.099	-9999999.99
60.089	-9999999.99
60.08	-9999999.99
60.076	-9999999.99
60.071	-9999999.99
60.065	-9999999.99
60.049	-9999999.99
60.04	-9999999.99
60.035	-9999999.99
60.027	-9999999.99
60.02	-9999999.99
60.01	-9999999.99
59.998	-9999999.99
59.989	-9999999.99
59.983	-9999999.99
59.971	-9999999.99
59.954	-9999999.99
59.946	-9999999.99
59.927	-9999999.99
59.9	-9999999.99
59.888	-9999999.99
59.877	-9999999.99
59.86	-9999999.99
59.839	-9999999.99
59.769	-9999999.99
59.751	-9999999.99
59.684	-9999999.99
59.66	-9999999.99
59.609	-9999999.99
59.599	-9999999.99
59.548	-9999999.99
59.523	-9999999.99
59.45	-9999999.99
59.409	-9999999.99
59.353	-9999999.99
59.346	-9999999.99
59.311	-9999999.99
59.307	-9999999.99
59.265	-9999999.99
59.26	-9999999.99
59.223	-9999999.99
59.219	-9999999.99
59.179	-9999999.99
59.175	-9999999.99
59.136	-9999999.99
59.135	-9999999.99
59.094	-9999999.99
59.088	-9999999.99
59.045	-9999999.99
59.044	-9999999.99
59.023	-9999999.99
58.996	-9999999.99
58.966	-9999999.99
58.931	-9999999.99
58.892	-9999999.99
58.858	-9999999.99
58.816	-9999999.99
58.767	-9999999.99
58.731	-9999999.99
58.709	-9999999.99
58.682	-9999999.99
58.646	-9999999.99
58.609	-9999999.99
58.579	-9999999.99
58.552	-9999999.99
58.538	-9999999.99
58.523	-9999999.99
58.503	-9999999.99
58.477	-9999999.99
58.452	-9999999.99
58.416	-9999999.99
58.413	-9999999.99
58.384	-9999999.99
58.354	-9999999.99
58.328	-9999999.99
58.293	-9999999.99
58.255	-9999999.99
58.217	-9999999.99
58.186	-9999999.99
58.157	-9999999.99
58.13	-9999999.99
58.103	-9999999.99
58.074	-9999999.99
58.041	-9999999.99
58.014	-9999999.99
57.986	-9999999.99
57.951	-9999999.99
57.916	-9999999.99
57.886	-9999999.99
57.861	-9999999.99
57.845	-9999999.99
57.83	-9999999.99
57.812	-9999999.99
57.79	-9999999.99
57.765	-9999999.99
57.745	-9999999.99
57.725	-9999999.99
57.708	-9999999.99
57.692	-9999999.99
57.676	-9999999.99
57.662	-9999999.99
57.646	-9999999.99
57.629	-9999999.99
57.614	-9999999.99
57.596	-9999999.99
57.581	-9999999.99
57.566	-9999999.99
57.557	-9999999.99
57.55	-9999999.99
57.544	-9999999.99
57.534	-9999999.99
57.521	-9999999.99
57.508	-9999999.99
57.495	-9999999.99
57.487	-9999999.99
57.478	-9999999.99
57.467	-9999999.99
57.45	-9999999.99
57.43	-9999999.99
57.406	-9999999.99
57.386	-9999999.99
57.37	-9999999.99
57.356	-9999999.99
57.345	-9999999.99
57.334	-9999999.99
57.326	-9999999.99
57.318	-9999999.99
57.314	-9999999.99
57.31	-9999999.99
57.305	-9999999.99
57.296	-9999999.99
57.284	-9999999.99
57.272	-9999999.99
57.255	-9999999.99
57.239	-9999999.99
57.223	-9999999.99
57.208	-9999999.99
57.194	-9999999.99
57.182	-9999999.99
57.171	-9999999.99
57.158	-9999999.99
57.144	-9999999.99
57.126	-9999999.99
57.11	-9999999.99
57.094	-9999999.99
57.082	-9999999.99
57.073	-9999999.99
57.067	-9999999.99
57.066	-9999999.99
57.059	-9999999.99
57.045	-9999999.99
57.019	-9999999.99
56.989	-9999999.99
56.956	-9999999.99
56.932	-9999999.99
56.918	-9999999.99
56.913	-9999999.99
56.907	-9999999.99
56.894	-9999999.99
56.879	-9999999.99
56.864	-9999999.99
56.857	-9999999.99
56.853	-9999999.99
56.848	-9999999.99
56.836	-9999999.99
56.82	-9999999.99
56.799	-9999999.99
56.775	-9999999.99
56.755	-9999999.99
56.74	-9999999.99
56.734	-9999999.99
56.731	-9999999.99
56.729	-9999999.99
56.72	-9999999.99
56.707	-9999999.99
56.687	-9999999.99
56.667	-9999999.99
56.647	-9999999.99
56.628	-9999999.99
56.613	-9999999.99
56.599	-9999999.99
56.587	-9999999.99
56.57	-9999999.99
56.554	-9999999.99
56.536	-9999999.99
56.521	-9999999.99
56.507	-9999999.99
56.495	-9999999.99
56.486	-9999999.99
56.476	-9999999.99
56.468	-9999999.99
56.458	-9999999.99
56.447	-9999999.99
56.433	-9999999.99
56.42	-9999999.99
56.405	-9999999.99
56.388	-9999999.99
56.372	-9999999.99
56.357	-9999999.99
56.352	-9999999.99
56.351	-9999999.99
56.337	-9999999.99
56.311	-9999999.99
56.281	-9999999.99
56.255	-9999999.99
56.236	-9999999.99
56.227	-9999999.99
56.217	-9999999.99
56.209	-9999999.99
56.198	-9999999.99
56.196	-9999999.99
56.191	-9999999.99
56.175	-9999999.99
56.151	-9999999.99
56.122	-9999999.99
56.099	-9999999.99
56.085	-9999999.99
56.08	-9999999.99
56.078	-9999999.99
56.073	-9999999.99
56.062	-9999999.99
56.045	-9999999.99
56.027	-9999999.99
56.007	-9999999.99
55.99	-9999999.99
55.974	-9999999.99
55.964	-9999999.99
55.957	-9999999.99
55.953	-9999999.99
55.95	-9999999.99
55.948	-9999999.99
55.941	-9999999.99
55.924	-9999999.99
55.903	-9999999.99
55.877	-9999999.99
55.854	-9999999.99
55.835	-9999999.99
55.824	-9999999.99
55.82	-9999999.99
55.819	-9999999.99
55.816	-9999999.99
55.807	-9999999.99
55.793	-9999999.99
55.772	-9999999.99
55.751	-9999999.99
55.733	-9999999.99
55.722	-9999999.99
55.716	-9999999.99
55.714	-9999999.99
55.711	-9999999.99
55.703	-9999999.99
55.696	-9999999.99
55.688	-9999999.99
55.683	-9999999.99
55.673	-9999999.99
55.66	-9999999.99
55.639	-9999999.99
55.617	-9999999.99
55.596	-9999999.99
55.581	-9999999.99
55.57	-9999999.99
55.56	-9999999.99
55.55	-9999999.99
55.536	-9999999.99
55.525	-9999999.99
55.511	-9999999.99
55.5	-9999999.99
55.489	-9999999.99
55.481	-9999999.99
55.473	-9999999.99
55.464	-9999999.99
55.455	-9999999.99
55.441	-9999999.99
55.427	-9999999.99
55.412	-9999999.99
55.398	-9999999.99
55.384	-9999999.99
55.375	-9999999.99
55.368	-9999999.99
55.362	-9999999.99
55.356	-9999999.99
55.344	-9999999.99
55.331	-9999999.99
55.314	-9999999.99
55.3	-9999999.99
55.286	-9999999.99
55.275	-9999999.99
55.261	-9999999.99
55.248	-9999999.99
55.232	-9999999.99
55.213	-9999999.99
55.197	-9999999.99
55.182	-9999999.99
55.173	-9999999.99
55.163	-9999999.99
55.154	-9999999.99
55.144	-9999999.99
55.138	-9999999.99
55.131	-9999999.99
55.123	-9999999.99
55.117	-9999999.99
55.11	-9999999.99
55.108	-9999999.99
55.106	-9999999.99
55.101	-9999999.99
55.093	-9999999.99
55.056	-9999999.99
55.055	-9999999.99
55.039	-9999999.99
55.017	-9999999.99
55.005	-9999999.99
54.996	-9999999.99
54.959	-9999999.99
54.959	-9999999.99
54.949	-9999999.99
54.935	-9999999.99
54.93	-9999999.99
54.924	-9999999.99
54.903	-9999999.99
54.891	-9999999.99
54.886	-9999999.99
54.866	-9999999.99
54.842	-9999999.99
54.826	-9999999.99
54.8	-9999999.99
54.786	-9999999.99
54.785	-9999999.99
54.769	-9999999.99
54.756	-9999999.99
54.754	-9999999.99
54.739	-9999999.99
54.727	-9999999.99
54.717	-9999999.99
54.663	-9999999.99
54.66	-9999999.99
54.649	-9999999.99
54.633	-9999999.99
54.629	-9999999.99
54.629	-9999999.99
54.596	-9999999.99
54.579	-9999999.99
54.573	-9999999.99
54.569	-9999999.99
54.534	-9999999.99
54.52	-9999999.99
54.519	-9999999.99
54.491	-9999999.99
54.482	-9999999.99
54.478	-9999999.99
54.444	-9999999.99
54.428	-9999999.99
54.426	-9999999.99
54.424	-9999999.99
54.375	-9999999.99
54.373	-9999999.99
54.358	-9999999.99
54.333	-9999999.99
54.315	-9999999.99
54.296	-9999999.99
54.289	-9999999.99
54.272	-9999999.99
54.268	-9999999.99
54.253	-9999999.99
54.244	-9999999.99
54.24	-9999999.99
54.204	-9999999.99
54.187	-9999999.99
54.163	-9999999.99
54.153	-9999999.99
54.134	-9999999.99
54.127	-9999999.99
54.113	-9999999.99
54.11	-9999999.99
54.091	-9999999.99
54.075	-9999999.99
54.046	-9999999.99
54.032	-9999999.99
54.012	-9999999.99
54.002	-9999999.99
53.985	-9999999.99
53.985	-9999999.99
53.973	-9999999.99
53.967	-9999999.99
53.946	-9999999.99
53.93	-9999999.99
53.9	-9999999.99
53.884	-9999999.99
53.865	-9999999.99
53.863	-9999999.99
53.845	-9999999.99
53.831	-9999999.99
53.807	-9999999.99
53.799	-9999999.99
53.785	-9999999.99
53.779	-9999999.99
53.759	-9999999.99
53.743	-9999999.99
53.713	-9999999.99
53.697	-9999999.99
53.679	-9999999.99
53.671	-9999999.99
53.668	-9999999.99
53.636	-9999999.99
53.628	-9999999.99
53.61	-9999999.99
53.601	-9999999.99
53.582	-9999999.99
53.572	-9999999.99
53.552	-9999999.99
53.54	-9999999.99
53.52	-9999999.99
53.513	-9999999.99
53.497	-9999999.99
53.491	-9999999.99
53.473	-9999999.99
53.464	-9999999.99
53.444	-9999999.99
53.436	-9999999.99
53.423	-9999999.99
53.417	-9999999.99
53.397	-9999999.99
53.383	-9999999.99
53.344	-9999999.99
53.342	-9999999.99
53.33	-9999999.99
53.31	-9999999.99
53.308	-9999999.99
53.294	-9999999.99
53.283	-9999999.99
53.258	-9999999.99
53.247	-9999999.99
53.235	-9999999.99
53.235	-9999999.99
53.218	-9999999.99
53.204	-9999999.99
53.181	-9999999.99
53.174	-9999999.99
53.154	-9999999.99
53.145	-9999999.99
53.127	-9999999.99
53.117	-9999999.99
53.096	-9999999.99
53.086	-9999999.99
53.071	-9999999.99
53.066	-9999999.99
53.05	-9999999.99
53.045	-9999999.99
53.031	-9999999.99
53.023	-9999999.99
52.999	-9999999.99
52.986	-9999999.99
52.969	-9999999.99
52.965	-9999999.99
52.953	-9999999.99
52.95	-9999999.99
52.94	-9999999.99
52.939	-9999999.99
52.926	-9999999.99
52.924	-9999999.99
52.905	-9999999.99
52.888	-9999999.99
52.86	-9999999.99
52.85	-9999999.99
52.843	-9999999.99
52.838	-9999999.99
52.83	-9999999.99
52.808	-9999999.99
52.795	-9999999.99
52.776	-9999999.99
52.771	-9999999.99
52.759	-9999999.99
52.753	-9999999.99
52.745	-9999999.99
52.726	-9999999.99
52.713	-9999999.99
52.696	-9999999.99
52.688	-9999999.99
52.668	-9999999.99
52.656	-9999999.99
52.63	-9999999.99
52.605	-9999999.99
52.595	-9999999.99
52.578	-9999999.99
52.577	-9999999.99
52.571	-9999999.99
52.564	-9999999.99
52.56	-9999999.99
52.546	-9999999.99
52.534	-9999999.99
52.53	-9999999.99
52.51	-9999999.99
52.494	-9999999.99
52.488	-9999999.99
52.474	-9999999.99
52.464	-9999999.99
52.456	-9999999.99
52.426	-9999999.99
52.426	-9999999.99
52.416	-9999999.99
52.391	-9999999.99
52.371	-9999999.99
52.362	-9999999.99
52.34	-9999999.99
52.328	-9999999.99
52.323	-9999999.99
52.308	-9999999.99
52.291	-9999999.99
52.282	-9999999.99
52.268	-9999999.99
52.259	-9999999.99
52.253	-9999999.99
52.25	-9999999.99
52.233	-9999999.99
52.224	-9999999.99
52.224	-9999999.99
52.209	-9999999.99
52.191	-9999999.99
52.178	-9999999.99
52.158	-9999999.99
52.144	-9999999.99
52.136	-9999999.99
52.121	-9999999.99
52.112	-9999999.99
52.109	-9999999.99
52.1	-9999999.99
52.091	-9999999.99
52.086	-9999999.99
52.07	-9999999.99
52.057	-9999999.99
52.051	-9999999.99
52.028	-9999999.99
52.012	-9999999.99
52.009	-9999999.99
52.004	-9999999.99
52.001	-9999999.99
51.997	-9999999.99
51.969	-9999999.99
51.968	-9999999.99
51.955	-9999999.99
51.939	-9999999.99
51.928	-9999999.99
51.915	-9999999.99
51.907	-9999999.99
51.897	-9999999.99
51.894	-9999999.99
51.892	-9999999.99
51.892	-9999999.99
51.888	-9999999.99
51.872	-9999999.99
51.863	-9999999.99
51.847	-9999999.99
51.839	-9999999.99
51.825	-9999999.99
51.817	-9999999.99
51.802	-9999999.99
51.797	-9999999.99
51.792	-9999999.99
51.788	-9999999.99
51.78	-9999999.99
51.766	-9999999.99
51.756	-9999999.99
51.746	-9999999.99
51.736	-9999999.99
51.723	-9999999.99
51.71	-9999999.99
51.697	-9999999.99
51.688	-9999999.99
51.687	-9999999.99
51.687	-9999999.99
51.685	-9999999.99
51.674	-9999999.99
51.661	-9999999.99
51.646	-9999999.99
51.635	-9999999.99
51.625	-9999999.99
51.616	-9999999.99
51.611	-9999999.99
51.603	-9999999.99
51.595	-9999999.99
51.582	-9999999.99
51.569	-9999999.99
51.557	-9999999.99
51.554	-9999999.99
51.553	-9999999.99
51.548	-9999999.99
51.541	-9999999.99
51.531	-9999999.99
51.524	-9999999.99
51.515	-9999999.99
51.506	-9999999.99
51.492	-9999999.99
51.478	-9999999.99
51.462	-9999999.99
51.449	-9999999.99
51.435	-9999999.99
51.422	-9999999.99
51.413	-9999999.99
51.405	-9999999.99
51.402	-9999999.99
51.398	-9999999.99
51.398	-9999999.99
51.394	-9999999.99
51.385	-9999999.99
51.37	-9999999.99
51.35	-9999999.99
51.334	-9999999.99
51.319	-9999999.99
51.311	-9999999.99
51.308	-9999999.99
51.307	-9999999.99
51.302	-9999999.99
51.297	-9999999.99
51.29	-9999999.99
51.283	-9999999.99
51.28	-9999999.99
51.275	-9999999.99
51.27	-9999999.99
51.258	-9999999.99
51.245	-9999999.99
51.232	-9999999.99
51.222	-9999999.99
51.212	-9999999.99
51.203	-9999999.99
51.194	-9999999.99
51.184	-9999999.99
51.178	-9999999.99
51.168	-9999999.99
51.159	-9999999.99
51.143	-9999999.99
51.129	-9999999.99
51.117	-9999999.99
51.114	-9999999.99
51.109	-9999999.99
51.103	-9999999.99
51.093	-9999999.99
51.085	-9999999.99
51.081	-9999999.99
51.076	-9999999.99
51.07	-9999999.99
51.058	-9999999.99
51.044	-9999999.99
51.026	-9999999.99
51.009	-9999999.99
50.993	-9999999.99
50.98	-9999999.99
50.968	-9999999.99
50.959	-9999999.99
50.958	-9999999.99
50.957	-9999999.99
50.948	-9999999.99
50.939	-9999999.99
50.932	-9999999.99
50.927	-9999999.99
50.926	-9999999.99
50.919	-9999999.99
50.912	-9999999.99
50.903	-9999999.99
50.898	-9999999.99
50.891	-9999999.99
50.885	-9999999.99
50.873	-9999999.99
50.854	-9999999.99
50.834	-9999999.99
50.814	-9999999.99
50.8	-9999999.99
50.788	-9999999.99
50.781	-9999999.99
50.775	-9999999.99
50.772	-9999999.99
50.769	-9999999.99
50.769	-9999999.99
50.765	-9999999.99
50.762	-9999999.99
50.757	-9999999.99
50.754	-9999999.99
50.747	-9999999.99
50.743	-9999999.99
50.737	-9999999.99
50.729	-9999999.99
50.718	-9999999.99
50.707	-9999999.99
50.7	-9999999.99
50.692	-9999999.99
50.69	-9999999.99
50.689	-9999999.99
50.686	-9999999.99
50.679	-9999999.99
50.669	-9999999.99
50.655	-9999999.99
50.635	-9999999.99
50.617	-9999999.99
50.61	-9999999.99
50.609	-9999999.99
50.603	-9999999.99
50.594	-9999999.99
50.581	-9999999.99
50.568	-9999999.99
50.555	-9999999.99
50.547	-9999999.99
50.539	-9999999.99
50.535	-9999999.99
50.532	-9999999.99
50.531	-9999999.99
50.527	-9999999.99
50.518	-9999999.99
50.507	-9999999.99
50.49	-9999999.99
50.475	-9999999.99
50.468	-9999999.99
50.465	-9999999.99
50.455	-9999999.99
50.444	-9999999.99
50.439	-9999999.99
50.434	-9999999.99
50.427	-9999999.99
50.414	-9999999.99
50.4	-9999999.99
50.384	-9999999.99
50.371	-9999999.99
50.362	-9999999.99
50.348	-9999999.99
50.334	-9999999.99
50.323	-9999999.99
50.317	-9999999.99
50.311	-9999999.99
50.306	-9999999.99
50.299	-9999999.99
50.292	-9999999.99
50.282	-9999999.99
50.27	-9999999.99
50.255	-9999999.99
50.254	-9999999.99
50.253	-9999999.99
50.249	-9999999.99
50.235	-9999999.99
50.219	-9999999.99
50.2	-9999999.99
50.185	-9999999.99
50.179	-9999999.99
50.173	-9999999.99
50.167	-9999999.99
50.154	-9999999.99
50.138	-9999999.99
50.12	-9999999.99
50.106	-9999999.99
50.101	-9999999.99
50.101	-9999999.99
50.098	-9999999.99
50.091	-9999999.99
50.082	-9999999.99
50.065	-9999999.99
50.051	-9999999.99
50.041	-9999999.99
50.037	-9999999.99
50.033	-9999999.99
50.029	-9999999.99
50.026	-9999999.99
50.015	-9999999.99
49.999	-9999999.99
49.981	-9999999.99
49.965	-9999999.99
49.958	-9999999.99
49.948	-9999999.99
49.939	-9999999.99
49.936	-9999999.99
49.932	-9999999.99
49.917	-9999999.99
49.903	-9999999.99
49.892	-9999999.99
49.877	-9999999.99
49.856	-9999999.99
49.847	-9999999.99
49.841	-9999999.99
49.84	-9999999.99
49.832	-9999999.99
49.813	-9999999.99
49.79	-9999999.99
49.771	-9999999.99
49.755	-9999999.99
49.744	-9999999.99
49.74	-9999999.99
49.738	-9999999.99
49.716	-9999999.99
49.686	-9999999.99
49.647	-9999999.99
49.617	-9999999.99
49.611	-9999999.99
49.592	-9999999.99
49.562	-9999999.99
49.528	-9999999.99
49.494	-9999999.99
49.47	-9999999.99
49.456	-9999999.99
49.446	-9999999.99
49.437	-9999999.99
49.423	-9999999.99
49.41	-9999999.99
49.402	-9999999.99
49.401	-9999999.99
49.392	-9999999.99
49.379	-9999999.99
49.372	-9999999.99
49.365	-9999999.99
49.361	-9999999.99
49.353	-9999999.99
49.347	-9999999.99
49.338	-9999999.99
49.329	-9999999.99
49.318	-9999999.99
49.304	-9999999.99
49.296	-9999999.99
49.295	-9999999.99
49.286	-9999999.99
49.263	-9999999.99
49.252	-9999999.99
49.251	-9999999.99
49.239	-9999999.99
49.224	-9999999.99
49.198	-9999999.99
