The full VeRa data can be accessed via the https://fip-koeln.de/marsvera-data-archive/?lang=en after asking for access to the server.
-----------------------------------------------------------------------------
  values at 130 km altitude above aeroid (130 km)
 -----------------------------------------------------------------------------
 Measurement time (130 km)                    [ERT] :  2013-12-22T08:48:37.621
 Measurement time (130 km)               [ERT-OWLT] :  2013-12-22T08:45:59.339
 Solar longitude (130 km)                     [deg] :      200.66
 Planet to Sun distance (130 km)          [10^6 km] :     107.768
 North planetary latitude (130 km)            [deg] :      -51.25
 East planetary longitude (130 km)            [deg] :       47.03
 Sub-solar north planetary latitude (130 km)  [deg] :       -0.93
 Sub-solar east planetary longitude (130 km)  [deg] :       96.40
 Aeroid radius (130 km)                        [km] :    6051.800
 MOLA radius (130 km)                          [km] :   -9999.999
 Local true solar time (130 km)               [hrs] :       15.29
 Solar zenith angle (130 km)                  [deg] :       65.15
 Electron density (130 km)               [10^6/m^3] :   192030.12

===========================================================================

Altitude	ELECTRON NUMBER DENSITY
948.053	0
947.688	796.55
947.322	1271.32
946.96	1269.56
946.595	1090.21
946.229	1165.82
945.864	1262.53
945.5	1070.86
945.135	865.13
944.767	1151.75
944.404	1295.94
944.037	1292.42
943.672	1528.05
943.305	1837.52
942.943	1775.98
942.578	1577.28
942.212	1658.17
941.847	1835.76
941.483	1758.4
941.118	1584.31
940.75	1784.77
940.388	1777.74
940.021	1603.66
939.656	1688.06
939.291	1943.03
938.927	1830.49
938.563	1487.6
938.196	1575.52
937.832	1552.66
937.466	1434.85
937.1	1661.68
936.733	2117.11
936.37	2307.01
936.005	2370.32
935.639	2546.16
935.275	2609.46
934.911	2386.14
934.546	2159.31
934.179	2347.46
933.816	2270.09
933.45	1964.13
933.085	1943.03
932.718	2106.56
932.356	1904.34
931.992	1543.87
931.625	1508.7
931.26	1631.79
930.895	1573.76
930.53	1473.54
930.163	1749.6
929.8	1798.84
929.434	1682.78
929.069	1835.76
928.703	2176.89
928.339	2152.28
927.975	1797.08
927.609	1746.09
927.246	1550.9
926.88	1273.08
926.514	1313.52
926.148	1512.22
925.785	1419.03
925.42	1276.6
925.053	1480.57
924.688	1760.15
924.324	1693.33
923.96	1454.19
923.593	1584.31
923.23	1568.49
922.863	1447.16
922.498	1610.69
922.131	1907.86
921.769	1865.66
921.404	1732.02
921.038	1879.72
920.673	1999.3
920.31	1739.05
919.945	1361
919.578	1420.78
919.215	1375.07
918.848	1225.6
918.483	1325.83
918.118	1589.59
917.755	1491.12
917.39	1128.89
917.024	1107.79
916.661	907.33
916.295	580.27
915.93	555.65
915.563	685.77
915.201	504.66
914.835	330.58
914.468	606.65
914.103	1012.84
913.739	1063.83
913.375	861.61
913.008	931.95
912.645	794.79
912.28	497.63
911.915	448.39
911.548	524
911.186	339.37
910.82	195.18
910.453	462.46
910.088	829.96
909.724	840.51
909.36	659.4
908.993	838.75
908.63	837
908.264	729.73
907.898	970.63
907.532	1506.94
907.168	1779.5
906.803	1777.74
906.437	2015.12
906.075	1932.48
905.709	1652.89
905.344	1761.91
904.976	2190.96
904.614	2407.24
904.248	2593.63
903.881	3098.29
903.516	3632.84
903.152	3817.48
902.788	3775.27
902.422	3944.08
902.06	3780.55
901.694	3449.97
901.329	3471.07
900.963	3690.87
900.6	3618.78
900.235	3513.27
899.868	3805.17
899.503	4202.57
899.14	4221.91
898.775	3998.59
898.409	4074.2
898.047	3928.26
897.68	3671.53
897.316	3726.04
896.95	4051.34
896.586	4112.89
896.221	3959.91
895.855	4156.85
895.492	4086.51
895.127	3824.51
894.762	3873.75
894.395	4139.26
894.033	4118.16
893.668	3982.77
893.301	4135.75
892.937	4322.14
892.573	4156.85
892.209	3828.03
891.842	3842.09
891.48	3701.42
891.113	3506.24
890.748	3699.66
890.381	4072.44
890.019	4109.37
889.654	4049.58
889.288	4283.45
888.923	4527.87
888.56	4357.3
888.195	4017.93
887.829	4067.17
887.466	3966.94
887.1	3748.9
886.735	3815.72
886.37	4158.61
886.006	4213.12
885.642	4005.62
885.275	4133.99
884.913	3981.01
884.548	3548.44
884.183	3347.98
883.817	3339.19
883.454	3128.19
883.089	3036.75
882.722	3386.67
882.357	3761.21
881.994	3710.21
881.629	3423.6
881.263	3449.97
880.901	3275.89
880.534	3020.92
880.169	3133.46
879.803	3397.22
879.441	3307.54
879.076	3131.7
878.71	3289.96
878.345	3543.17
877.981	3515.03
877.616	3342.71
877.25	3481.62
876.888	3388.43
876.522	3144.01
876.157	3216.11
875.791	3595.92
875.427	3696.15
875.063	3509.76
874.697	3641.64
874.334	3530.86
873.969	3207.31
873.605	3100.05
873.239	3036.75
872.877	2611.22
872.512	2199.75
872.145	2284.16
871.78	2616.49
871.416	2750.13
871.051	2762.44
870.684	3108.84
870.322	3152.8
869.956	2906.63
869.592	2857.39
869.226	2903.11
868.864	2678.04
868.499	2509.23
868.132	2797.61
867.767	3191.49
867.404	3173.9
867.039	2934.76
866.673	3033.23
866.311	2894.32
865.945	2579.57
865.581	2512.75
865.215	2681.55
864.852	2583.08
864.488	2280.64
864.121	2324.6
863.759	2166.34
863.392	1962.37
863.027	2132.93
862.661	2445.93
862.3	2305.26
861.935	1969.4
861.569	1939.51
861.205	2027.43
860.841	1888.52
860.476	1645.86
860.11	1779.5
859.747	1744.33
859.381	1610.69
859.016	1788.29
858.649	2103.04
858.287	2101.28
857.922	2062.6
857.556	2416.04
857.191	2869.7
856.827	2913.66
856.464	2674.52
856.098	2678.04
855.736	2447.69
855.37	2073.15
855.005	2015.12
854.64	2280.64
854.276	2308.77
853.912	2106.56
853.546	2229.65
853.184	2103.04
852.818	1807.63
852.453	1844.56
852.087	2085.46
851.725	1994.02
851.36	1795.32
850.994	1941.27
850.629	2197.99
850.265	2145.24
849.901	1920.17
849.535	2032.71
849.173	1932.48
848.807	1723.23
848.442	1835.76
848.076	2048.53
847.714	1883.24
847.349	1630.03
846.983	1747.85
846.618	2037.98
846.254	2090.73
845.89	2036.22
845.523	2310.53
845.161	2310.53
844.795	2117.11
844.431	2164.58
844.066	2442.41
843.702	2477.58
843.338	2333.39
842.971	2616.49
842.608	2801.12
842.242	2848.6
841.878	3071.92
841.512	3332.16
841.15	3226.66
840.786	3033.23
840.42	3135.22
840.056	3251.27
839.693	3064.88
839.328	2864.43
838.961	3085.98
838.6	2989.27
838.234	2611.22
837.87	2502.2
837.504	2577.81
837.142	2343.94
836.778	1990.5
836.412	1978.19
836.047	2113.59
835.684	1985.23
835.319	1742.57
834.953	1886.76
834.59	1872.69
834.224	1760.15
833.86	1932.48
833.495	2277.12
833.131	2328.12
832.767	2199.75
832.4	2477.58
832.038	2572.53
831.672	2507.47
831.307	2707.93
830.942	2955.86
830.581	2744.86
830.216	2417.79
829.85	2519.78
829.485	2797.61
829.121	2802.88
828.758	2620.01
828.391	2737.82
828.029	2648.14
827.664	2417.79
827.299	2477.58
826.933	2635.83
826.572	2456.48
826.207	2240.2
825.841	2375.59
825.476	2602.43
825.113	2583.08
824.748	2523.3
824.381	2869.7
824.02	2896.08
823.655	2556.71
823.291	2338.67
822.926	2363.28
822.563	2217.34
822.199	1928.96
821.832	2036.22
821.47	1986.99
821.104	1842.8
820.739	2022.15
820.373	2307.01
820.012	2132.93
819.648	1795.32
819.282	1753.12
818.918	1768.95
818.555	1501.67
818.191	1165.82
817.824	1297.7
817.462	1274.84
817.096	1046.25
816.732	1032.18
816.366	1172.85
816.004	1058.55
815.639	958.33
815.273	1229.12
814.909	1524.53
814.546	1410.23
814.182	1090.21
813.816	1113.06
813.454	912.61
813.089	525.76
812.725	346.4
812.36	374.54
811.997	172.32
811.633	-196.94
811.266	-172.32
810.904	-321.79
810.539	-610.16
810.174	-597.85
809.808	-451.91
809.447	-659.4
809.082	-919.64
808.716	-777.21
808.351	-518.73
807.988	-594.34
807.624	-840.51
807.258	-761.39
806.896	-895.02
806.53	-1123.61
806.166	-995.25
805.799	-701.6
805.438	-750.83
805.073	-873.92
804.707	-706.87
804.344	-569.72
803.981	-856.34
803.618	-1387.37
803.252	-1605.42
802.89	-1937.75
802.524	-2280.64
802.159	-2229.65
801.794	-1906.1
801.431	-1890.28
801.067	-2168.1
800.701	-2171.62
800.34	-2426.59
799.974	-2815.19
799.609	-2794.09
799.243	-2512.75
798.881	-2530.33
798.517	-2706.17
798.151	-2644.63
797.787	-2502.2
797.423	-2569.02
797.059	-2648.14
796.693	-2363.28
796.331	-2407.24
795.966	-2765.96
795.603	-2962.9
795.237	-3003.34
794.875	-3233.69
794.51	-3337.43
794.143	-2931.25
793.779	-2440.65
793.416	-2409
793.052	-2671
792.687	-2704.41
792.325	-2991.03
791.96	-3413.05
791.596	-3495.69
791.23	-3228.41
790.867	-3126.43
790.502	-3144.01
790.136	-2783.54
789.774	-2714.96
789.409	-2903.11
789.044	-2813.43
788.678	-2470.55
788.316	-2329.87
787.951	-2206.79
787.585	-1802.36
787.221	-1441.88
786.859	-1524.53
786.496	-1872.69
786.13	-1964.13
785.769	-2314.05
785.404	-2813.43
785.039	-2936.52
784.673	-2797.61
784.311	-2871.46
783.946	-2927.73
783.58	-2593.63
783.216	-2173.38
782.853	-2103.04
782.489	-2234.92
782.123	-2104.8
781.762	-2248.99
781.396	-2551.43
781.032	-2495.16
780.667	-2066.11
780.303	-1888.52
779.94	-2008.09
779.574	-1907.86
779.213	-2185.69
778.849	-2729.03
778.485	-2996.31
778.119	-3033.23
777.757	-3254.79
777.392	-3430.63
777.026	-3198.52
776.662	-2890.8
776.299	-2924.21
775.935	-3082.47
775.568	-2815.19
775.207	-2767.71
774.842	-2957.62
774.478	-2906.63
774.112	-2707.93
773.75	-2808.16
773.386	-3003.34
773.021	-2924.21
772.657	-2787.06
772.294	-2943.55
771.93	-3254.79
771.565	-3325.13
771.204	-3775.27
770.839	-4457.53
770.475	-4735.36
770.11	-4561.28
769.747	-4573.59
769.383	-4869
769.017	-4916.47
768.656	-5232.98
768.291	-5705.99
767.927	-5857.22
767.561	-5858.97
767.2	-6180.76
766.835	-6493.75
766.469	-6375.94
766.105	-6119.22
765.742	-6163.18
765.378	-6379.46
765.012	-6231.75
764.65	-6273.95
764.285	-6484.96
763.921	-6449.79
763.555	-6314.4
763.193	-6430.45
762.828	-6449.79
762.462	-6018.99
762.098	-5486.19
761.734	-5268.15
761.37	-5206.61
761.004	-4812.73
760.643	-4719.53
760.278	-4944.61
759.915	-4997.36
759.55	-4774.04
759.187	-4735.36
758.823	-4819.76
758.456	-4471.6
758.094	-4292.24
757.729	-4258.83
757.364	-3926.5
756.999	-3471.07
756.638	-3441.18
756.274	-3548.44
755.908	-3284.68
755.544	-2873.22
755.18	-2720.24
754.817	-2709.69
754.451	-2386.14
754.09	-2372.08
753.725	-2605.94
753.361	-2602.43
752.996	-2505.71
752.635	-2730.79
752.27	-2908.39
751.904	-2612.98
751.54	-2171.62
751.177	-2018.64
750.812	-1985.23
750.446	-1549.15
750.084	-1336.38
749.72	-1385.62
749.356	-1294.18
748.992	-1062.07
748.63	-1130.65
748.266	-1389.13
747.9	-1267.8
747.539	-1362.76
747.174	-1663.44
746.81	-1695.09
746.445	-1564.97
746.084	-1737.29
745.719	-1932.48
745.354	-1737.29
744.99	-1434.85
744.626	-1413.75
744.262	-1462.98
743.896	-1076.14
743.534	-861.61
743.168	-789.52
742.804	-437.84
742.439	24.62
742.078	54.51
741.714	-105.5
741.349	21.1
740.985	247.93
740.622	193.42
740.259	-26.38
739.894	38.68
739.533	-193.42
739.168	-640.06
738.805	-828.2
738.44	-757.87
738.078	-909.09
737.714	-1197.47
737.348	-1023.39
736.986	-986.46
736.62	-1063.83
736.256	-837
735.891	-481.8
735.529	-502.9
735.166	-689.29
734.801	-647.09
734.437	-585.55
734.074	-763.14
733.71	-895.02
733.344	-501.14
732.982	-305.96
732.617	-385.09
732.253	-274.31
731.888	-68.58
731.527	-214.52
731.163	-464.22
730.799	-432.57
730.435	-363.99
730.072	-597.85
729.709	-895.02
729.343	-727.98
728.981	-749.08
728.616	-951.29
728.252	-866.89
727.888	-531.04
727.525	-520.49
727.162	-831.72
726.797	-819.41
726.435	-942.5
726.07	-1165.82
725.706	-1039.21
725.34	-719.18
724.978	-689.29
724.614	-698.08
724.249	-395.64
723.885	-91.44
723.523	-191.67
723.16	-455.42
722.794	-295.41
722.432	-277.83
722.067	-402.67
721.703	-253.21
721.338	40.44
720.977	-14.07
720.613	-160.01
720.248	-15.83
719.885	94.95
719.523	-233.87
719.16	-742.04
718.794	-837
718.433	-1121.86
718.068	-1559.7
717.704	-1635.31
717.339	-1357.48
716.977	-1320.55
716.613	-1591.35
716.248	-1615.97
715.887	-1914.89
715.522	-2347.46
715.158	-2350.97
714.792	-2053.81
714.431	-2022.15
714.067	-2129.42
713.702	-2004.57
713.339	-1890.28
712.976	-2127.66
712.613	-2460
712.247	-2356.25
711.885	-2412.52
711.52	-2597.15
711.156	-2468.79
710.791	-2206.79
710.43	-2319.32
710.066	-2519.78
709.701	-2361.53
709.337	-2104.8
708.975	-2141.73
708.611	-2270.09
708.245	-2016.88
707.884	-1992.26
707.519	-2132.93
707.155	-1976.44
706.79	-1517.5
706.427	-1299.45
706.064	-1324.07
705.699	-1053.28
705.338	-1095.48
704.973	-1352.21
704.609	-1310
704.244	-1095.48
703.883	-1174.61
703.519	-1273.08
703.154	-988.22
702.79	-631.26
702.428	-655.88
702.065	-907.33
701.7	-875.68
701.339	-1104.27
700.974	-1491.12
700.61	-1536.84
700.245	-1352.21
699.883	-1380.34
699.519	-1329.35
699.153	-870.41
698.79	-418.5
698.428	-464.22
698.065	-812.38
697.7	-847.55
697.339	-1088.45
696.974	-1452.43
696.61	-1466.5
696.246	-1165.82
695.883	-1123.61
695.52	-1318.8
695.155	-1213.29
694.794	-1417.27
694.43	-1826.97
694.066	-1913.13
693.701	-1786.53
693.339	-1881.48
692.975	-1958.85
692.61	-1654.65
692.246	-1244.94
691.883	-1148.23
691.52	-1241.43
691.155	-1051.52
690.794	-1167.57
690.43	-1494.64
690.066	-1542.11
689.701	-1422.54
689.34	-1572.01
688.976	-1747.85
688.611	-1561.46
688.247	-1294.18
687.885	-1355.72
687.522	-1582.56
687.156	-1438.37
686.795	-1489.36
686.43	-1717.95
686.067	-1696.85
685.703	-1420.78
685.34	-1364.51
684.977	-1455.95
684.611	-1130.65
684.25	-1030.42
683.885	-1164.06
683.522	-1042.73
683.157	-800.07
682.796	-919.64
682.432	-1074.38
682.067	-800.07
681.703	-399.16
681.341	-372.78
680.978	-666.43
680.614	-778.97
680.253	-1164.06
679.889	-1656.41
679.525	-1710.92
679.159	-1413.75
678.797	-1276.6
678.433	-1113.06
678.067	-546.86
677.703	87.92
677.341	342.89
676.978	332.34
676.613	501.14
676.253	293.65
675.889	-135.4
675.525	-218.04
675.161	114.3
674.798	284.86
674.435	216.28
674.07	448.39
673.709	335.85
673.345	-77.37
672.983	-288.38
672.618	-416.74
672.258	-858.1
671.894	-1244.94
671.528	-1135.92
671.165	-854.58
670.802	-851.06
670.438	-970.63
670.073	-684.02
669.712	-629.51
669.347	-844.03
668.984	-829.96
668.619	-640.06
668.258	-696.32
667.894	-742.04
667.529	-455.42
667.166	-226.83
666.805	-458.94
666.442	-828.2
666.076	-775.45
665.715	-926.67
665.351	-1220.33
664.987	-1158.78
664.622	-708.63
664.26	-471.25
663.897	-508.18
663.531	-244.42
663.171	-240.9
662.806	-430.81
662.443	-362.23
662.078	-152.98
661.718	-274.31
661.354	-429.05
660.989	-179.36
660.625	165.29
660.263	175.84
659.9	-7.03
659.535	123.09
659.174	-28.13
658.81	-413.22
658.447	-541.59
658.083	-541.59
657.722	-872.16
657.359	-1243.19
656.994	-1264.29
656.631	-1216.81
656.269	-1478.81
655.906	-1821.7
655.54	-1723.23
655.179	-1818.18
654.815	-2113.59
654.452	-2173.38
654.088	-2004.57
653.726	-2073.15
653.362	-2236.68
652.996	-1916.65
652.635	-1797.08
652.271	-1911.38
651.908	-1851.59
651.544	-1781.25
651.184	-2136.45
650.82	-2528.57
650.455	-2433.62
650.092	-2164.58
649.729	-2222.61
649.367	-2503.96
649.002	-2496.92
648.641	-2714.96
648.276	-3052.57
647.913	-3059.61
647.549	-2938.28
647.188	-3212.59
646.825	-3588.89
646.46	-3567.78
646.097	-3384.91
645.734	-3481.62
645.371	-3724.28
645.006	-3601.19
644.645	-3660.98
644.281	-3861.44
643.917	-3819.23
643.554	-3581.85
643.192	-3711.97
642.829	-4081.24
642.464	-3996.83
642.103	-4046.07
641.738	-4218.39
641.375	-4047.83
641.01	-3745.38
640.65	-3859.68
640.286	-4119.92
639.922	-4086.51
639.559	-3981.01
639.197	-4163.88
638.834	-4410.06
638.468	-4186.74
638.107	-4104.09
637.742	-4148.05
637.379	-3871.99
637.014	-3509.76
636.654	-3594.16
636.29	-3775.27
635.925	-3539.65
635.562	-3149.29
635.2	-3071.92
634.837	-3136.98
634.471	-2831.02
634.11	-2716.72
633.746	-2727.27
633.382	-2430.1
633.019	-1916.65
632.657	-1805.87
632.295	-2050.29
631.93	-2006.33
631.57	-2187.44
631.205	-2503.96
630.842	-2414.28
630.477	-2034.46
630.116	-1916.65
629.752	-1848.07
629.388	-1522.77
629.025	-1266.04
628.663	-1406.72
628.301	-1665.2
627.935	-1489.36
627.575	-1510.46
627.21	-1689.82
626.847	-1543.87
626.482	-1223.84
626.122	-1267.8
625.759	-1422.54
625.395	-1292.42
625.032	-1116.58
624.67	-1253.74
624.307	-1485.84
623.941	-1244.94
623.58	-1164.06
623.216	-1225.6
622.853	-1033.94
622.489	-689.29
622.128	-791.28
621.766	-1262.53
621.401	-1327.59
621.04	-1427.82
620.675	-1531.56
620.312	-1251.98
619.947	-870.41
619.587	-903.82
619.224	-1004.04
618.859	-736.77
618.496	-404.43
618.134	-444.87
617.772	-668.19
617.407	-501.14
617.046	-538.07
616.682	-800.07
616.319	-778.97
615.954	-566.2
615.594	-645.33
615.23	-684.02
614.866	-369.26
614.503	-109.02
614.141	-249.69
613.779	-560.93
613.414	-457.18
613.053	-469.49
612.689	-627.75
612.326	-536.31
611.962	-151.22
611.6	-93.19
611.238	-414.98
610.874	-478.28
610.514	-842.27
610.15	-1389.13
609.787	-1512.22
609.422	-1361
609.062	-1515.74
608.699	-1754.88
608.334	-1615.97
607.971	-1334.62
607.609	-1406.72
607.247	-1716.19
606.882	-1668.72
606.522	-1814.66
606.157	-2110.07
605.795	-2147
605.43	-2078.42
605.07	-2282.4
604.706	-2416.04
604.341	-2092.49
603.978	-1645.86
603.616	-1540.35
603.253	-1665.2
602.889	-1484.09
602.528	-1564.97
602.164	-1795.32
601.801	-1651.13
601.437	-1116.58
601.074	-754.35
600.711	-582.03
600.346	-101.99
599.986	33.41
599.622	-89.68
599.259	56.27
598.895	399.16
598.534	488.83
598.171	599.61
597.806	1113.06
597.443	1645.86
597.082	1712.68
596.72	1471.78
596.356	1447.16
595.996	1079.65
595.633	509.93
595.27	348.16
594.905	501.14
594.544	494.11
594.18	546.86
593.816	970.63
593.453	1422.54
593.091	1433.09
592.73	1099
592.366	961.84
592.006	567.96
591.642	82.64
591.279	56.27
590.914	492.35
590.552	752.59
590.19	696.32
589.826	821.17
589.466	575
589.103	70.34
588.74	-130.12
588.376	-116.05
588.016	-390.36
587.653	-706.87
587.288	-629.51
586.925	-411.46
586.563	-436.08
586.2	-543.34
585.836	-349.92
585.476	-589.06
585.113	-1171.09
584.751	-1485.84
584.386	-1556.18
584.026	-1826.97
583.663	-2096.01
583.298	-1974.68
582.935	-1710.92
582.573	-1712.68
582.211	-1870.93
581.846	-1765.43
581.487	-2048.53
581.123	-2574.29
580.76	-2714.96
580.396	-2467.03
580.035	-2445.93
579.672	-2635.83
579.307	-2433.62
578.947	-2514.51
578.584	-2850.36
578.221	-2941.8
577.857	-2952.35
577.497	-3309.3
577.134	-3660.98
576.77	-3639.88
576.408	-3553.72
576.046	-3733.07
575.683	-3968.7
575.318	-3775.27
574.958	-3810.44
574.595	-4153.33
574.233	-4374.89
573.868	-4436.43
573.508	-4679.09
573.144	-4765.25
572.779	-4330.93
572.416	-3905.4
572.056	-4037.28
571.694	-4506.77
571.33	-4737.12
570.971	-5234.74
570.607	-5876.56
570.244	-6128.01
569.88	-5918.76
569.518	-5829.08
569.155	-5899.42
568.79	-5561.8
568.43	-5487.95
568.066	-5633.9
567.703	-5530.15
567.34	-5382.45
566.98	-5604.01
566.617	-5832.6
566.252	-5611.04
565.889	-5254.09
565.528	-5250.57
565.165	-5429.93
564.801	-5287.5
564.441	-5405.31
564.078	-5739.4
563.715	-5837.87
563.352	-5836.11
562.992	-6143.83
562.628	-6382.98
562.264	-6136.8
561.901	-5774.57
561.539	-5799.19
561.177	-5985.58
560.812	-5800.95
560.452	-5869.52
560.089	-6193.07
559.727	-6288.02
559.364	-6098.12
559.002	-6126.25
558.639	-6280.99
558.274	-5992.61
557.914	-5913.48
557.55	-5994.37
557.187	-5746.44
556.823	-5320.9
556.462	-5208.37
556.099	-5106.38
555.735	-4615.79
555.372	-4040.79
555.01	-3824.51
554.648	-3815.72
554.284	-3515.03
553.925	-3613.5
553.562	-4032
553.2	-4243.01
552.836	-4355.55
552.477	-4742.39
552.114	-5062.42
551.749	-4911.2
551.387	-4622.82
551.025	-4624.58
550.662	-4686.12
550.297	-4253.56
549.936	-4028.48
549.573	-4102.34
549.211	-4061.89
548.848	-3849.13
548.487	-3850.89
548.124	-3893.09
547.759	-3402.5
547.398	-3105.33
547.035	-3034.99
546.672	-2739.58
546.308	-2368.56
545.949	-2452.96
545.587	-2688.59
545.223	-2521.54
544.86	-2141.73
544.498	-1985.23
544.135	-1946.54
543.771	-1615.97
543.412	-1642.34
543.049	-1950.06
542.687	-2016.88
542.323	-1953.58
541.964	-2278.88
541.601	-2671
541.237	-2593.63
540.874	-2248.99
540.512	-2104.8
540.15	-2117.11
539.786	-1877.97
539.426	-1997.54
539.063	-2350.97
538.701	-2389.66
538.337	-2125.9
537.976	-2134.69
537.614	-2328.12
537.249	-2020.4
536.888	-1811.15
536.525	-1767.19
536.162	-1494.64
535.798	-1148.23
535.439	-1223.84
535.077	-1457.71
534.713	-1396.17
534.351	-1278.35
533.99	-1480.57
533.628	-1798.84
533.264	-1710.92
532.904	-1819.94
532.54	-2085.46
532.178	-2050.29
531.814	-1877.97
531.454	-2009.85
531.091	-2141.73
530.727	-1892.03
530.365	-1593.11
530.004	-1670.48
529.642	-1921.93
529.278	-1834.01
528.919	-2015.12
528.555	-2400.21
528.193	-2470.55
527.83	-2219.1
527.469	-2257.78
527.107	-2553.19
526.743	-2482.85
526.383	-2560.22
526.018	-2646.39
525.655	-2291.19
525.291	-1763.67
524.932	-1679.27
524.569	-1772.46
524.206	-1601.9
523.844	-1427.82
523.483	-1661.68
523.122	-2108.32
522.758	-2220.85
522.399	-2553.19
522.035	-3008.61
521.673	-3066.64
521.308	-2857.39
520.949	-2933
520.586	-3085.98
520.222	-2947.07
519.861	-2827.5
519.5	-3071.92
519.137	-3384.91
518.773	-3244.24
518.413	-3277.65
518.049	-3453.49
517.687	-3277.65
517.323	-2788.82
516.962	-2621.77
516.601	-2774.75
516.237	-2662.21
515.877	-2831.02
515.514	-3103.57
515.151	-2938.28
514.787	-2505.71
514.427	-2393.18
514.064	-2389.66
513.701	-2080.18
513.339	-1791.8
512.978	-1955.34
512.617	-2349.22
512.253	-2299.98
511.892	-2307.01
511.528	-2358.01
511.166	-2057.32
510.802	-1601.9
510.442	-1496.39
510.079	-1420.78
509.716	-1005.8
509.354	-701.6
508.994	-974.15
508.633	-1529.8
508.269	-1624.76
507.909	-1723.23
507.545	-1804.11
507.182	-1480.57
506.819	-866.89
506.457	-582.03
506.096	-638.3
505.733	-508.18
505.374	-773.69
505.011	-1257.25
504.649	-1369.79
504.285	-1206.26
503.925	-1299.45
503.563	-1441.88
503.199	-1167.57
502.836	-701.6
502.474	-465.97
502.112	-378.06
501.748	-36.93
501.389	-93.19
501.026	-386.85
500.664	-318.27
500.301	-58.03
499.941	-189.91
499.579	-416.74
499.216	-267.28
498.854	-36.93
498.493	-140.67
498.131	-367.5
497.767	-167.05
497.407	-191.67
497.044	-402.67
496.681	-258.48
496.318	277.83
495.957	610.16
495.595	692.81
495.231	1074.38
494.872	1093.72
494.509	778.97
494.148	673.47
493.784	780.73
493.425	650.61
493.062	457.18
492.699	564.44
492.337	710.39
491.976	566.2
491.614	378.06
491.25	599.61
490.891	465.97
490.529	-22.86
490.167	-237.38
489.803	-160.01
489.444	-305.96
489.081	-437.84
488.717	-110.78
488.355	349.92
487.994	436.08
487.632	300.69
487.269	446.63
486.91	228.59
486.547	-167.05
486.184	-109.02
485.821	402.67
485.459	710.39
485.097	787.76
484.733	1232.64
484.374	1401.44
484.011	1346.93
483.649	1568.49
483.285	1883.24
482.926	1860.38
482.563	1867.42
482.2	2303.5
481.837	2862.67
481.476	3135.22
481.114	3288.2
480.75	3815.72
480.391	4010.9
480.028	3843.85
479.667	3784.07
479.304	3806.93
478.945	3539.65
478.583	3274.13
478.22	3449.97
477.858	3745.38
477.497	3675.05
477.135	3437.66
476.772	3548.44
476.413	3383.15
476.05	3017.41
475.688	2943.55
475.326	3193.25
474.965	3172.15
474.604	2878.49
474.24	2957.62
473.88	2843.33
473.517	2593.63
473.155	2688.59
472.792	2915.42
472.433	2795.85
472.07	2635.83
471.707	2869.7
471.345	3210.83
470.984	3189.73
470.622	3038.51
470.258	3325.13
469.899	3372.6
469.536	3175.66
469.175	3175.66
468.812	3256.55
468.453	3031.47
468.09	2836.29
467.727	3138.74
467.364	3588.89
467.003	3685.6
466.642	3606.47
466.278	3877.26
465.919	3879.02
465.556	3634.6
465.194	3694.39
464.832	4128.71
464.471	4334.44
464.109	4318.62
463.745	4628.1
463.386	4675.57
463.023	4552.49
462.661	4745.91
462.298	5090.55
461.939	5006.15
461.577	4825.04
461.214	5027.25
460.852	5377.17
460.491	5486.19
460.129	5487.95
459.765	5885.35
459.406	5957.44
459.044	5741.16
458.683	5704.23
458.32	5758.75
457.961	5494.99
457.599	5211.88
457.236	5313.87
456.875	5451.03
456.514	5213.64
456.153	4849.65
455.789	4946.37
455.43	4747.67
455.068	4241.25
454.707	3926.5
454.345	3879.02
453.984	3632.84
453.623	3274.13
453.259	3360.29
452.9	3223.14
452.536	2969.93
452.174	3064.88
451.811	3314.58
451.453	3133.46
451.091	2767.71
450.728	2686.83
450.367	2665.73
450.006	2373.83
449.644	2090.73
449.28	2389.66
448.921	2512.75
448.557	2417.79
448.196	2611.22
447.832	2941.8
447.474	2831.02
447.112	2510.99
446.75	2467.03
446.388	2530.33
446.028	2365.04
445.666	2168.1
445.302	2426.59
444.942	2498.68
444.579	2403.73
444.218	2572.53
443.856	2933
443.495	2918.94
443.134	2655.18
442.771	2825.74
442.411	2829.26
442.048	2649.9
441.687	2751.89
441.324	2941.8
440.965	2788.82
440.603	2570.77
440.24	2711.45
439.879	2883.77
439.519	2697.38
439.158	2409
438.794	2605.94
438.434	2649.9
438.071	2542.64
437.709	2744.86
437.347	3017.41
436.988	2815.19
436.627	2380.87
436.265	2247.23
435.904	2212.06
435.543	1943.03
435.181	1679.27
434.817	1904.34
434.458	1927.2
434.096	1656.41
433.735	1587.83
433.373	1719.71
433.013	1557.94
432.652	1186.92
432.288	1216.81
431.929	1106.03
431.566	826.45
431.204	852.82
430.842	1012.84
430.483	821.17
430.121	601.37
429.758	727.98
429.397	873.92
429.037	587.3
428.676	145.95
428.312	191.67
427.953	116.05
427.59	-56.27
427.228	75.61
426.865	339.37
426.506	262
426.145	80.89
425.782	200.46
425.421	316.51
425.061	49.24
424.699	-258.48
424.335	-26.38
423.976	14.07
423.613	-124.85
423.252	42.2
422.889	564.44
422.528	861.61
422.167	870.41
421.804	1174.61
421.446	1144.72
421.083	889.75
420.721	1005.8
420.358	1324.07
419.999	1357.48
419.637	1431.33
419.274	1885
418.913	2359.77
418.553	2359.77
418.192	2074.91
417.829	2161.07
417.47	2022.15
417.108	1707.4
416.747	1754.88
416.384	1971.16
416.025	1858.62
415.663	1763.67
415.3	2045.01
414.939	2312.29
414.579	2106.56
414.219	1630.03
413.856	1612.45
413.496	1510.46
413.134	1244.94
412.772	1324.07
412.41	1735.54
412.05	1793.56
411.689	1529.8
411.326	1577.28
410.968	1343.41
410.606	919.64
410.244	905.57
409.881	1106.03
409.523	879.2
409.161	573.24
408.798	694.57
408.437	903.82
408.077	780.73
407.716	494.11
407.354	476.53
406.995	144.19
406.633	-307.72
406.271	-393.88
405.909	-307.72
405.55	-508.18
405.188	-676.98
404.825	-464.22
404.464	-258.48
404.104	-437.84
403.743	-837
403.381	-946.02
403.022	-1218.57
402.659	-1450.68
402.297	-1239.67
401.935	-770.18
401.574	-617.2
401.214	-786
400.851	-754.35
400.493	-1065.59
400.131	-1521.01
399.77	-1615.97
399.407	-1596.62
399.049	-1923.68
398.687	-2189.2
398.324	-1950.06
397.963	-1652.89
397.603	-1761.91
397.242	-2025.67
396.878	-1879.72
396.52	-2001.05
396.157	-2299.98
395.796	-2145.24
395.432	-1686.3
395.074	-1644.1
394.713	-1809.39
394.35	-1582.56
393.988	-1121.86
393.628	-940.74
393.267	-1093.72
392.905	-1046.25
392.547	-1274.84
392.184	-1598.38
391.823	-1489.36
391.461	-1077.9
391.101	-991.74
390.74	-1142.96
390.377	-900.3
390.018	-953.05
389.657	-1338.14
389.296	-1517.5
388.933	-1482.33
388.575	-1668.72
388.213	-1867.42
387.851	-1768.95
387.49	-1705.64
387.13	-1972.92
386.769	-2256.02
386.406	-2043.26
386.047	-2083.7
385.685	-2393.18
385.324	-2345.7
384.961	-2001.05
384.602	-1918.41
384.24	-1881.48
383.878	-1552.66
383.517	-1220.33
383.157	-1229.12
382.796	-1406.72
382.434	-1302.97
382.076	-1557.94
381.714	-2115.35
381.353	-2358.01
380.991	-2157.55
380.631	-2138.21
380.27	-2373.83
379.908	-2336.91
379.55	-2683.31
379.188	-3219.62
378.827	-3281.17
378.463	-3034.99
378.105	-3110.6
377.744	-3274.13
377.381	-3038.51
377.02	-2716.72
376.66	-2809.92
376.299	-3070.16
375.936	-2860.91
375.578	-2860.91
375.216	-3115.88
374.855	-3161.59
374.493	-3144.01
374.135	-3518.55
373.774	-3901.88
373.411	-3745.38
373.049	-3291.72
372.688	-3034.99
372.327	-2903.11
371.964	-2407.24
371.605	-2168.1
371.243	-2117.11
370.881	-1770.7
370.52	-1209.78
370.16	-1037.45
369.8	-1144.72
369.437	-821.17
369.078	-682.26
368.716	-726.22
368.355	-511.69
367.993	-200.46
367.635	-318.27
367.274	-525.76
366.912	-365.75
366.551	-126.6
366.191	-175.84
365.83	-232.11
365.466	244.42
365.107	511.69
364.745	557.41
364.385	807.1
364.023	1121.86
363.665	989.98
363.304	821.17
362.941	1109.55
362.58	1471.78
362.221	1450.68
361.86	1244.94
361.498	1390.89
361.14	1287.15
360.777	1058.55
360.417	1151.75
360.055	1443.64
359.696	1392.65
359.335	1137.68
358.972	1338.14
358.614	1403.2
358.251	1394.41
357.89	1654.65
357.528	1944.79
357.171	1777.74
356.81	1454.19
356.448	1473.54
356.087	1689.82
355.727	1760.15
355.365	1821.7
355.002	2291.19
354.644	2412.52
354.283	2238.44
353.922	2289.43
353.56	2440.65
353.203	2183.93
352.842	1867.42
352.479	2011.6
352.118	2335.15
351.758	2375.59
351.397	2317.57
351.034	2685.07
350.676	2732.55
350.315	2481.1
349.955	2393.18
349.594	2516.26
349.234	2375.59
348.874	2078.42
348.511	2310.53
348.152	2401.97
347.79	2343.94
347.428	2644.63
347.066	3122.91
346.708	3179.18
346.347	3135.22
345.985	3432.39
345.625	3729.56
345.265	3639.88
344.905	3384.91
344.542	3558.99
344.184	3599.44
343.821	3583.61
343.46	3961.66
343.098	4508.53
342.74	4589.41
342.379	4480.39
342.017	4717.77
341.657	5041.32
341.297	5048.35
340.937	4854.93
340.575	4955.16
340.217	4781.08
339.855	4417.09
339.495	4431.16
339.133	4751.18
338.774	4812.73
338.413	4677.33
338.05	4946.37
337.692	5002.63
337.33	4863.72
336.969	5071.21
336.607	5417.62
336.249	5368.38
335.889	5232.98
335.527	5435.2
335.166	5714.79
334.807	5665.55
334.446	5530.15
334.084	5797.43
333.726	5797.43
333.364	5630.38
333.003	5825.56
332.64	6240.55
332.282	6317.91
331.922	6258.13
331.56	6426.94
331.2	6569.37
330.841	6412.87
330.48	6259.89
330.117	6625.63
329.759	6771.58
329.397	6664.32
329.037	6838.4
328.675	7422.19
328.315	7824.86
327.954	7939.16
327.592	8287.32
327.235	8290.83
326.873	8071.03
326.513	8132.58
326.151	8419.2
325.792	8512.39
325.431	8702.3
325.068	9305.43
324.708	9850.53
324.349	9871.63
323.99	9586.77
323.628	9604.36
323.27	9419.72
322.908	9173.55
322.547	9352.91
322.185	9720.41
321.828	9706.34
321.467	9586.77
321.106	9715.13
320.746	9817.12
320.387	9590.29
320.026	9324.77
319.663	9636.01
319.305	9803.05
318.943	9711.62
318.583	9850.53
318.221	10312.99
317.862	10513.45
317.502	10409.7
317.14	10534.55
316.784	10207.49
316.423	9606.11
316.062	9467.2
315.699	9736.24
315.341	9810.09
314.98	9875.15
314.618	10262
314.258	10611.92
313.899	10573.23
313.539	10376.29
313.176	10550.37
312.819	10439.59
312.457	10189.9
312.096	10436.08
311.733	10984.7
311.376	11113.06
311.016	10995.25
310.654	11186.91
310.293	11533.32
309.934	11580.79
309.574	11404.95
309.213	11440.12
308.855	11151.74
308.494	10764.9
308.133	10833.47
307.772	11225.6
307.413	11216.8
307.054	10903.81
306.692	10972.39
306.334	10743.8
305.974	10209.24
305.613	9992.96
305.251	10130.12
304.892	10131.87
304.531	10131.87
304.169	10492.35
303.809	10965.35
303.449	11100.75
303.09	10991.73
302.728	11102.51
302.37	10946.01
302.008	10778.96
301.647	11116.58
301.285	11617.72
300.928	11684.54
300.567	11742.56
300.204	12271.84
299.844	12816.94
299.486	12839.8
299.126	12671
298.764	12948.82
298.406	12964.65
298.045	12765.95
297.684	12922.45
297.323	13397.21
296.965	13516.79
296.605	13332.15
296.242	13629.32
295.884	13803.4
295.523	13761.2
295.162	13981
294.801	14388.95
294.444	14376.64
294.084	14100.57
293.723	14037.27
293.363	14068.92
293.004	13806.92
292.645	13376.11
292.283	13288.19
291.926	12892.56
291.565	12303.49
291.205	12147
290.842	12370.31
290.484	12423.06
290.123	12481.09
289.761	12929.48
289.4	13437.66
289.042	13507.99
288.682	13312.81
288.32	13444.69
287.963	13296.99
287.602	13017.4
287.241	13172.14
286.88	13662.73
286.521	13854.4
286.161	13794.61
285.799	14046.06
285.442	13972.21
285.081	13673.28
284.721	13641.63
284.359	13833.3
284.001	13817.47
283.64	13856.16
283.278	14394.22
282.917	15087.03
282.558	15359.58
282.199	15368.38
281.837	15681.37
281.48	15588.18
281.12	15190.78
280.76	15150.33
280.398	15345.52
280.041	15231.22
279.68	15094.07
279.319	15320.9
278.959	15574.11
278.6	15493.22
278.24	15289.25
277.878	15443.99
277.521	15329.69
277.16	14995.6
276.8	14951.64
276.439	15271.66
276.08	15384.2
275.72	15359.58
275.358	15769.29
275	15892.38
274.639	15793.91
274.279	15895.89
273.918	16024.26
273.562	15755.22
273.201	15466.85
272.839	15711.26
272.479	16105.14
272.12	16119.21
271.761	15939.85
271.399	16066.46
271.042	15952.16
270.681	15660.27
270.321	15635.65
269.96	15741.16
269.603	15482.67
269.242	15306.83
268.88	15674.34
268.519	16265.16
268.159	16627.39
267.8	16799.71
267.438	17253.38
267.081	17260.41
266.721	16933.35
266.361	16945.66
266	17390.53
265.64	17738.69
265.28	17895.19
264.918	18412.16
264.561	18605.58
264.2	18508.87
263.84	18693.5
263.479	18969.57
263.122	18865.82
262.762	18702.29
262.401	18927.37
262.041	19210.47
261.682	19150.68
261.322	19069.8
260.96	19491.81
260.602	19711.61
260.242	19650.07
259.882	19759.09
259.522	19876.9
259.165	19607.87
258.804	19407.41
258.442	19803.05
258.082	20411.45
257.723	20659.39
257.364	20668.18
257.002	20933.7
256.646	20787.75
256.286	20298.92
255.926	20112.53
255.566	20312.98
255.207	20355.19
254.846	20286.61
254.484	20729.72
254.126	20975.9
253.765	21047.99
253.405	21397.91
253.044	21842.79
252.687	21826.96
252.327	21688.05
251.966	21934.22
251.606	22349.21
251.247	22542.63
250.887	22693.85
250.525	23277.64
250.167	23562.5
249.807	23606.46
249.447	23931.76
249.086	24355.53
248.729	24313.33
248.37	24155.08
248.008	24455.76
247.648	25009.66
247.289	25232.97
246.93	25243.52
246.568	25549.49
246.212	25530.14
245.851	25298.03
245.491	25394.75
245.131	25792.14
244.772	25927.54
244.413	25908.2
244.05	26367.14
243.693	26662.55
243.332	26812.01
242.972	27286.78
242.61	27925.08
242.253	28165.98
241.894	28165.98
241.534	28350.61
241.175	28501.83
240.816	28343.58
240.456	28213.45
240.094	28646.02
239.737	28865.82
239.376	28839.44
239.017	29078.59
238.656	29428.51
238.299	29410.92
237.939	29344.1
237.578	29678.2
237.218	30089.66
236.859	30182.86
236.5	30168.79
236.138	30625.97
235.781	30863.36
235.42	30868.63
235.06	31149.97
234.7	31672.22
234.342	31823.44
233.983	31619.47
233.622	31772.45
233.265	31756.62
232.904	31709.14
232.543	32132.92
232.182	32762.42
231.825	32994.53
231.465	33091.24
231.104	33493.92
230.745	33893.07
230.388	33817.46
230.028	33564.25
229.667	33794.6
229.31	33864.94
228.949	33840.32
228.589	34153.31
228.228	34591.15
227.871	34578.85
227.512	34397.73
227.152	34506.75
226.793	34598.19
226.435	34334.43
226.075	34028.47
225.714	34258.82
225.356	34357.29
224.995	34344.98
224.635	34691.38
224.275	35349.02
223.917	35614.54
223.558	35475.63
223.197	35616.3
222.841	35482.66
222.48	35261.1
222.12	35502
221.758	36024.25
221.401	36263.39
221.041	36486.7
220.679	37103.9
220.32	37687.69
219.963	37750.99
219.604	37608.56
219.242	37916.28
218.885	38063.99
218.524	38120.25
218.164	38517.65
217.803	39061
217.446	39282.55
217.086	39497.08
216.725	40105.48
216.366	40747.3
216.008	40951.27
215.648	40967.1
215.287	41468.24
214.929	41837.5
214.568	42111.81
214.208	42783.52
213.848	43762.95
213.49	44327.39
213.131	44538.4
212.77	45074.71
212.413	45271.65
212.053	45234.72
211.693	45568.82
211.332	46180.74
210.975	46521.87
210.615	46875.31
210.254	47605.04
209.895	48317.19
209.537	48580.95
209.178	48602.05
208.817	48966.04
208.461	49078.57
208.1	49108.47
207.74	49620.16
207.378	50395.61
207.021	50859.83
206.661	51345.15
206.3	52241.93
205.94	53142.23
205.583	53566
205.224	53745.36
204.863	54318.59
204.506	54691.37
204.145	54953.37
203.785	55621.56
203.425	56632.64
203.066	57277.97
202.708	57569.87
202.347	58137.83
201.991	58327.73
201.631	58282.02
201.272	58616.11
200.91	59238.58
200.553	59614.88
200.193	60015.79
199.832	60872.13
199.472	61855.08
199.114	62451.17
198.755	62757.13
198.395	63354.99
198.038	63666.22
197.678	63803.38
197.319	64271.11
196.958	64858.42
196.602	65020.19
196.243	65118.66
195.882	65660.24
195.523	66307.33
195.164	66600.98
194.805	66797.93
194.444	67455.57
194.087	67893.41
193.727	68148.37
193.367	68702.27
193.007	69509.37
192.649	70005.24
192.29	70318.23
191.929	71088.41
191.572	71587.79
191.212	71781.22
190.854	72178.62
190.493	72704.38
190.136	72940
189.776	73298.71
189.415	74234.18
189.055	75289.22
188.697	75908.17
188.338	76272.16
187.978	76936.83
187.622	77242.79
187.262	77302.58
186.903	77707.01
186.542	78371.68
186.185	78798.97
185.825	79270.22
185.464	80225.03
185.104	81375.02
184.745	82241.91
184.386	82945.27
184.025	83989.76
183.668	84717.73
183.308	85236.46
182.948	86061.15
182.589	87144.32
182.231	87803.72
181.873	88069.23
181.513	88654.78
181.156	89009.98
180.796	89271.98
180.436	89954.23
180.075	90863.32
179.719	91433.05
179.359	91997.49
178.998	93057.8
178.638	94341.43
178.279	95438.67
177.918	96595.69
177.556	98343.54
177.198	99862.79
176.837	101172.8
176.477	102806.35
176.116	104677.28
175.758	106235.22
175.398	107731.61
175.038	109502.32
174.679	111236.09
174.32	112637.54
173.96	114049.53
173.598	115997.83
173.241	117654.24
172.881	119027.54
172.522	120650.54
172.161	122614.67
171.803	124351.97
171.443	125948.59
171.081	128104.38
170.723	130161.7
170.361	132176.83
170.001	134617.48
169.639	137253.31
169.282	139405.59
168.923	141371.47
168.562	143558.92
168.204	145577.56
167.847	147007.13
167.488	148259.11
167.127	150066.74
166.769	151844.48
166.408	153631.01
166.049	155763.94
165.687	158039.31
165.331	159897.93
164.971	161740.73
164.61	164016.09
164.25	166356.52
163.892	168280.2
163.533	170012.22
163.172	172211.97
162.815	174172.58
162.455	175902.84
162.096	177810.7
161.737	179883.85
161.379	181622.9
161.02	183263.49
160.658	185500.17
160.301	187508.25
159.941	189213.9
159.583	190996.91
159.224	192669.14
158.869	193722.42
158.511	194615.69
158.15	195969.65
157.791	197604.96
157.432	199129.49
157.072	200801.72
156.709	203230.07
156.351	205700.61
155.989	208250.29
155.628	211211.42
155.267	214293.89
154.909	216922.69
154.548	219635.9
154.185	223110.49
153.824	227052.81
153.463	230852.7
153.102	234633.25
152.739	238987.04
152.38	243164.99
152.018	247230.4
151.657	251591.22
151.295	256280.86
150.935	260792.9
150.574	265310.22
150.21	270550.24
149.85	275781.46
149.487	281054.89
149.125	286773.19
148.761	292859
148.402	298702.15
148.039	304664.87
147.676	311091.8
147.315	317587.31
146.954	323713.56
146.592	329883.77
146.228	336845.26
145.867	343787.41
145.504	350785.82
145.142	358142.95
144.778	365647.78
144.42	372574.1
144.059	379321.06
143.698	386171.77
143.34	392554.74
142.984	397938.95
142.627	402542.43
142.27	406948.97
141.917	410460.48
141.561	413263.37
141.206	415742.7
140.853	417696.28
140.503	418309.96
140.153	417527.48
139.802	415939.64
139.457	412899.38
139.109	408450.64
138.763	403175.45
138.416	396910.29
138.074	389257.75
137.729	380441.16
137.383	371023.19
137.038	360859.67
136.694	349639.35
136.349	337724.46
136	325881.66
135.654	313778.63
135.305	301244.79
134.956	288964.15
134.605	276762.65
134.257	264395.85
133.904	252134.56
133.548	240854.45
133.191	230703.24
132.832	221492.76
132.472	213365.46
132.107	206869.95
131.747	201466.4
131.381	197001.83
131.015	194147.96
130.648	192809.82
130.283	192173.28
129.918	191988.65
129.552	192693.76
129.19	193435.8
128.827	194031.9
128.465	194784.49
128.104	195419.28
127.747	195377.07
127.388	194944.51
127.029	194469.74
126.673	193488.56
126.319	191469.92
125.965	188584.39
125.61	185392.9
125.259	181299.36
124.905	176370.58
124.552	171392.56
124.196	166416.3
123.844	161125.29
123.489	155647.89
123.134	150302.37
122.781	144635.06
122.429	138188.78
122.075	131301.14
121.719	124694.85
121.367	117935.58
121.011	110942.44
120.656	104306.26
120.301	97905.7
119.948	91009.27
119.594	83565.98
119.237	76518.34
118.882	69727.41
118.522	63439.39
118.161	58412.14
117.799	54244.74
117.442	50133.61
117.082	46096.34
116.72	42755.38
116.359	40038.66
115.998	37555.81
115.636	35533.65
115.272	34480.38
114.912	33544.91
114.55	32553.17
114.19	31890.26
113.829	31218.55
113.473	29961.3
113.113	28493.04
112.753	27339.53
112.395	26180.75
112.038	24587.64
111.679	22802.87
111.319	21424.29
110.963	19769.64
110.604	17858.26
110.245	16344.29
109.885	15291.01
109.528	14037.27
109.169	12549.67
108.809	11420.78
108.453	10017.58
108.093	8505.36
107.733	7610.34
107.37	7332.51
107.012	7172.49
106.65	7281.52
106.289	7895.2
105.929	8521.18
105.571	8637.24
105.212	8463.16
104.852	8595.04
104.496	8329.52
104.137	7652.54
103.78	7042.37
103.422	6298.57
103.068	4879.55
102.711	3142.25
102.353	1642.34
101.997	50.99
101.642	-2169.86
101.287	-4869
100.93	-7457.35
100.577	-10501.14
100.22	-13966.93
99.865	-17283.27
99.509	-20443.11
99.154	-23968.69
98.799	-27810.78
98.441	-31373.29
98.088	-35315.61
97.732	-39722.15
97.378	-44148.03
97.023	-48966.04
96.675	-54851.39
96.325	-61886.73
95.976	-69824.12
95.63	-79055.7
95.288	-90154.69
94.946	-103105.27
94.604	-117423.89
94.267	-133374.29
93.926	-150989.9
93.586	-169421.4
93.246	-188930.8
92.91	-209832.84
92.574	-232452.84
92.24	-256627.26
91.909	-282684.92
91.579	-310972.23
91.248	-341088.27
90.916	-372533.65
90.59	-405551.04
90.263	-440956.34
89.938	-478005.73
89.613	-516832.86
89.292	-557713.79
88.973	-601093.41
88.657	-647103.58
88.348	-695874.44
88.038	-748446.94
87.731	-803762.55
87.423	-862090.28
87.12	-922645.9
86.818	-986436.97
86.52	-1053347.43
86.227	-1123412.46
85.939	-1197303.75
85.657	-1275202.43
85.379	-1357495.33
85.11	-1443586.37
84.842	-1535453.74
84.578	-1631630.94
84.315	-1732721.09
84.055	-1837845
83.791	-1948738.21
83.522	-2064162.8
83.252	-2181936.61
82.984	-2301773.01
82.723	-2423439.91
82.465	-2548695.69
82.213	-2676407.95
81.963	-2808830.95
81.719	-2943525.8
81.483	-3081232.78
81.257	-3221262.6
81.041	-3363782.3
80.834	-3510947.69
80.635	-3661397.76
80.424	-3827105.43
80.239	-3981612.12
80.026	-4163892.66
79.842	-4328991.93
79.646	-4512378.5
79.451	-4698492.35
79.262	-4886405.03
79.076	-5078147.5
78.893	-5273463.03
78.708	-5476211.3
78.527	-5681027.44
78.345	-5892583.51
78.168	-6104146.61
77.997	-6315927.76
77.839	-6520619.05
77.693	-6721508.7
77.557	-6920325.19
77.428	-7119971.65
77.296	-7331033.61
77.161	-7555299.36
77.015	-7797479.65
76.868	-8046280.29
76.718	-8302517.19
76.571	-8557250.66
76.43	-8809376.42
76.295	-9056506.59
76.166	-9300707.27
76.039	-9549592.32
75.916	-9797279.9
75.794	-9999999.99
75.655	-9999999.99
75.537	-9999999.99
75.443	-9999999.99
75.317	-9999999.99
75.234	-9999999.99
75.134	-9999999.99
75.029	-9999999.99
74.921	-9999999.99
74.807	-9999999.99
74.691	-9999999.99
74.571	-9999999.99
74.451	-9999999.99
74.334	-9999999.99
74.224	-9999999.99
74.118	-9999999.99
74.017	-9999999.99
73.925	-9999999.99
73.84	-9999999.99
73.764	-9999999.99
73.687	-9999999.99
73.611	-9999999.99
73.528	-9999999.99
73.44	-9999999.99
73.346	-9999999.99
73.249	-9999999.99
73.153	-9999999.99
73.058	-9999999.99
72.969	-9999999.99
72.885	-9999999.99
72.807	-9999999.99
72.731	-9999999.99
72.659	-9999999.99
72.588	-9999999.99
72.519	-9999999.99
72.452	-9999999.99
72.386	-9999999.99
72.32	-9999999.99
72.227	-9999999.99
72.176	-9999999.99
72.076	-9999999.99
72.014	-9999999.99
71.905	-9999999.99
71.837	-9999999.99
71.748	-9999999.99
71.661	-9999999.99
71.579	-9999999.99
71.502	-9999999.99
71.433	-9999999.99
71.366	-9999999.99
71.305	-9999999.99
71.243	-9999999.99
71.179	-9999999.99
71.111	-9999999.99
71.042	-9999999.99
70.974	-9999999.99
70.905	-9999999.99
70.839	-9999999.99
70.772	-9999999.99
70.708	-9999999.99
70.649	-9999999.99
70.595	-9999999.99
70.542	-9999999.99
70.485	-9999999.99
70.426	-9999999.99
70.363	-9999999.99
70.302	-9999999.99
70.237	-9999999.99
70.171	-9999999.99
70.101	-9999999.99
70.032	-9999999.99
69.961	-9999999.99
69.893	-9999999.99
69.825	-9999999.99
69.757	-9999999.99
69.692	-9999999.99
69.63	-9999999.99
69.573	-9999999.99
69.517	-9999999.99
69.467	-9999999.99
69.419	-9999999.99
69.374	-9999999.99
69.331	-9999999.99
69.287	-9999999.99
69.244	-9999999.99
69.198	-9999999.99
69.153	-9999999.99
69.11	-9999999.99
69.072	-9999999.99
69.035	-9999999.99
68.977	-9999999.99
68.965	-9999999.99
68.901	-9999999.99
68.885	-9999999.99
68.818	-9999999.99
68.801	-9999999.99
68.736	-9999999.99
68.72	-9999999.99
68.651	-9999999.99
68.627	-9999999.99
68.574	-9999999.99
68.523	-9999999.99
68.474	-9999999.99
68.426	-9999999.99
68.383	-9999999.99
68.341	-9999999.99
68.301	-9999999.99
68.262	-9999999.99
68.227	-9999999.99
68.193	-9999999.99
68.163	-9999999.99
68.134	-9999999.99
68.106	-9999999.99
68.08	-9999999.99
68.052	-9999999.99
68.027	-9999999.99
68.002	-9999999.99
67.978	-9999999.99
67.95	-9999999.99
67.924	-9999999.99
67.897	-9999999.99
67.872	-9999999.99
67.853	-9999999.99
67.836	-9999999.99
67.818	-9999999.99
67.795	-9999999.99
67.771	-9999999.99
67.746	-9999999.99
67.722	-9999999.99
67.694	-9999999.99
67.668	-9999999.99
67.641	-9999999.99
67.615	-9999999.99
67.594	-9999999.99
67.573	-9999999.99
67.551	-9999999.99
67.526	-9999999.99
67.5	-9999999.99
67.47	-9999999.99
67.44	-9999999.99
67.408	-9999999.99
67.375	-9999999.99
67.346	-9999999.99
67.316	-9999999.99
67.287	-9999999.99
67.257	-9999999.99
67.231	-9999999.99
67.207	-9999999.99
67.189	-9999999.99
67.171	-9999999.99
67.153	-9999999.99
67.137	-9999999.99
67.118	-9999999.99
67.097	-9999999.99
67.043	-9999999.99
67.036	-9999999.99
66.999	-9999999.99
66.942	-9999999.99
66.935	-9999999.99
66.903	-9999999.99
66.849	-9999999.99
66.844	-9999999.99
66.815	-9999999.99
66.807	-9999999.99
66.789	-9999999.99
66.781	-9999999.99
66.664	-9999999.99
66.583	-9999999.99
66.515	-9999999.99
66.439	-9999999.99
66.338	-9999999.99
66.211	-9999999.99
66.13	-9999999.99
66.07	-9999999.99
66.022	-9999999.99
65.968	-9999999.99
65.913	-9999999.99
65.86	-9999999.99
65.81	-9999999.99
65.766	-9999999.99
65.722	-9999999.99
65.681	-9999999.99
65.639	-9999999.99
65.599	-9999999.99
65.561	-9999999.99
65.53	-9999999.99
65.503	-9999999.99
65.482	-9999999.99
65.459	-9999999.99
65.433	-9999999.99
65.41	-9999999.99
65.388	-9999999.99
65.369	-9999999.99
65.344	-9999999.99
65.318	-9999999.99
65.288	-9999999.99
65.257	-9999999.99
65.225	-9999999.99
65.193	-9999999.99
65.164	-9999999.99
65.131	-9999999.99
65.098	-9999999.99
65.062	-9999999.99
65.026	-9999999.99
64.991	-9999999.99
64.961	-9999999.99
64.934	-9999999.99
64.906	-9999999.99
64.881	-9999999.99
64.854	-9999999.99
64.83	-9999999.99
64.804	-9999999.99
64.781	-9999999.99
64.759	-9999999.99
64.744	-9999999.99
64.732	-9999999.99
64.731	-9999999.99
64.728	-9999999.99
64.714	-9999999.99
64.701	-9999999.99
64.693	-9999999.99
64.678	-9999999.99
64.629	-9999999.99
64.627	-9999999.99
64.59	-9999999.99
64.551	-9999999.99
64.515	-9999999.99
64.475	-9999999.99
64.422	-9999999.99
64.381	-9999999.99
64.367	-9999999.99
64.366	-9999999.99
64.308	-9999999.99
64.282	-9999999.99
64.265	-9999999.99
64.235	-9999999.99
64.201	-9999999.99
64.171	-9999999.99
64.103	-9999999.99
64.098	-9999999.99
64.017	-9999999.99
63.991	-9999999.99
63.923	-9999999.99
63.916	-9999999.99
63.856	-9999999.99
63.844	-9999999.99
63.788	-9999999.99
63.777	-9999999.99
63.719	-9999999.99
63.696	-9999999.99
63.626	-9999999.99
63.612	-9999999.99
63.612	-9999999.99
63.606	-9999999.99
63.595	-9999999.99
63.591	-9999999.99
63.563	-9999999.99
63.531	-9999999.99
63.503	-9999999.99
63.483	-9999999.99
63.464	-9999999.99
63.437	-9999999.99
63.414	-9999999.99
63.398	-9999999.99
63.378	-9999999.99
63.366	-9999999.99
63.356	-9999999.99
63.341	-9999999.99
63.32	-9999999.99
63.256	-9999999.99
63.195	-9999999.99
63.14	-9999999.99
63.085	-9999999.99
63.021	-9999999.99
62.943	-9999999.99
62.877	-9999999.99
62.826	-9999999.99
62.785	-9999999.99
62.746	-9999999.99
62.705	-9999999.99
62.667	-9999999.99
62.631	-9999999.99
62.606	-9999999.99
62.586	-9999999.99
62.571	-9999999.99
62.554	-9999999.99
62.541	-9999999.99
62.529	-9999999.99
62.518	-9999999.99
62.509	-9999999.99
62.499	-9999999.99
62.492	-9999999.99
62.48	-9999999.99
62.469	-9999999.99
62.457	-9999999.99
62.445	-9999999.99
62.431	-9999999.99
62.419	-9999999.99
62.406	-9999999.99
62.395	-9999999.99
62.388	-9999999.99
62.382	-9999999.99
62.376	-9999999.99
62.367	-9999999.99
62.358	-9999999.99
62.341	-9999999.99
62.295	-9999999.99
62.23	-9999999.99
62.175	-9999999.99
62.101	-9999999.99
62.097	-9999999.99
62.035	-9999999.99
62.014	-9999999.99
61.961	-9999999.99
61.955	-9999999.99
61.911	-9999999.99
61.908	-9999999.99
61.873	-9999999.99
61.846	-9999999.99
61.822	-9999999.99
61.801	-9999999.99
61.786	-9999999.99
61.776	-9999999.99
61.766	-9999999.99
61.762	-9999999.99
61.761	-9999999.99
61.759	-9999999.99
61.751	-9999999.99
61.742	-9999999.99
61.727	-9999999.99
61.711	-9999999.99
61.691	-9999999.99
61.67	-9999999.99
61.647	-9999999.99
61.627	-9999999.99
61.609	-9999999.99
61.59	-9999999.99
61.572	-9999999.99
61.55	-9999999.99
61.528	-9999999.99
61.503	-9999999.99
61.48	-9999999.99
61.459	-9999999.99
61.443	-9999999.99
61.43	-9999999.99
61.424	-9999999.99
61.419	-9999999.99
61.412	-9999999.99
61.406	-9999999.99
61.401	-9999999.99
61.397	-9999999.99
61.387	-9999999.99
61.366	-9999999.99
61.34	-9999999.99
61.313	-9999999.99
61.287	-9999999.99
61.267	-9999999.99
61.245	-9999999.99
61.227	-9999999.99
61.209	-9999999.99
61.193	-9999999.99
61.179	-9999999.99
61.17	-9999999.99
61.169	-9999999.99
61.166	-9999999.99
61.15	-9999999.99
61.134	-9999999.99
61.121	-9999999.99
61.095	-9999999.99
61.067	-9999999.99
61.048	-9999999.99
61.028	-9999999.99
60.989	-9999999.99
60.941	-9999999.99
60.889	-9999999.99
60.807	-9999999.99
60.804	-9999999.99
60.767	-9999999.99
60.727	-9999999.99
60.674	-9999999.99
60.631	-9999999.99
60.596	-9999999.99
60.565	-9999999.99
60.519	-9999999.99
60.51	-9999999.99
60.477	-9999999.99
60.443	-9999999.99
60.415	-9999999.99
60.394	-9999999.99
60.379	-9999999.99
60.369	-9999999.99
60.356	-9999999.99
60.343	-9999999.99
60.326	-9999999.99
60.312	-9999999.99
60.297	-9999999.99
60.285	-9999999.99
60.272	-9999999.99
60.259	-9999999.99
60.25	-9999999.99
60.243	-9999999.99
60.239	-9999999.99
60.234	-9999999.99
60.228	-9999999.99
60.218	-9999999.99
60.209	-9999999.99
60.199	-9999999.99
60.186	-9999999.99
60.169	-9999999.99
60.147	-9999999.99
60.126	-9999999.99
60.107	-9999999.99
60.095	-9999999.99
60.083	-9999999.99
60.073	-9999999.99
60.061	-9999999.99
60.049	-9999999.99
60.033	-9999999.99
60.011	-9999999.99
59.986	-9999999.99
59.958	-9999999.99
59.937	-9999999.99
59.923	-9999999.99
59.923	-9999999.99
59.918	-9999999.99
59.91	-9999999.99
59.905	-9999999.99
59.895	-9999999.99
59.884	-9999999.99
59.868	-9999999.99
59.849	-9999999.99
59.828	-9999999.99
59.81	-9999999.99
59.792	-9999999.99
59.777	-9999999.99
59.767	-9999999.99
59.757	-9999999.99
59.75	-9999999.99
59.739	-9999999.99
59.726	-9999999.99
59.708	-9999999.99
59.69	-9999999.99
59.673	-9999999.99
59.661	-9999999.99
59.649	-9999999.99
59.636	-9999999.99
59.621	-9999999.99
59.602	-9999999.99
59.587	-9999999.99
59.572	-9999999.99
59.56	-9999999.99
59.548	-9999999.99
59.538	-9999999.99
59.53	-9999999.99
59.523	-9999999.99
59.507	-9999999.99
59.493	-9999999.99
59.484	-9999999.99
59.482	-9999999.99
59.481	-9999999.99
59.476	-9999999.99
59.47	-9999999.99
59.461	-9999999.99
59.452	-9999999.99
59.438	-9999999.99
59.413	-9999999.99
59.394	-9999999.99
59.394	-9999999.99
59.369	-9999999.99
59.334	-9999999.99
59.313	-9999999.99
59.291	-9999999.99
59.253	-9999999.99
59.222	-9999999.99
59.19	-9999999.99
59.114	-9999999.99
59.059	-9999999.99
58.916	-9999999.99
58.881	-9999999.99
58.876	-9999999.99
58.821	-9999999.99
58.658	-9999999.99
58.599	-9999999.99
58.565	-9999999.99
58.555	-9999999.99
58.498	-9999999.99
58.488	-9999999.99
58.473	-9999999.99
58.45	-9999999.99
58.428	-9999999.99
58.405	-9999999.99
58.37	-9999999.99
58.33	-9999999.99
58.304	-9999999.99
58.283	-9999999.99
58.257	-9999999.99
58.232	-9999999.99
58.23	-9999999.99
58.212	-9999999.99
58.185	-9999999.99
58.152	-9999999.99
58.11	-9999999.99
58.08	-9999999.99
58.043	-9999999.99
57.993	-9999999.99
57.948	-9999999.99
57.906	-9999999.99
57.876	-9999999.99
57.837	-9999999.99
57.832	-9999999.99
57.789	-9999999.99
57.782	-9999999.99
57.741	-9999999.99
57.737	-9999999.99
57.698	-9999999.99
57.696	-9999999.99
57.657	-9999999.99
57.654	-9999999.99
57.612	-9999999.99
57.611	-9999999.99
57.58	-9999999.99
57.55	-9999999.99
57.531	-9999999.99
57.52	-9999999.99
57.511	-9999999.99
57.505	-9999999.99
57.504	-9999999.99
57.497	-9999999.99
57.478	-9999999.99
57.453	-9999999.99
57.426	-9999999.99
57.388	-9999999.99
57.347	-9999999.99
57.316	-9999999.99
57.276	-9999999.99
57.229	-9999999.99
57.173	-9999999.99
57.153	-9999999.99
57.099	-9999999.99
57.091	-9999999.99
57.073	-9999999.99
57.069	-9999999.99
57.067	-9999999.99
57.06	-9999999.99
57.055	-9999999.99
57.054	-9999999.99
57.044	-9999999.99
57.016	-9999999.99
56.992	-9999999.99
56.967	-9999999.99
56.947	-9999999.99
56.932	-9999999.99
56.923	-9999999.99
56.914	-9999999.99
56.905	-9999999.99
56.892	-9999999.99
56.875	-9999999.99
56.859	-9999999.99
56.838	-9999999.99
56.818	-9999999.99
56.797	-9999999.99
56.776	-9999999.99
56.756	-9999999.99
56.742	-9999999.99
56.736	-9999999.99
56.735	-9999999.99
56.732	-9999999.99
56.726	-9999999.99
56.716	-9999999.99
56.707	-9999999.99
56.697	-9999999.99
56.685	-9999999.99
56.665	-9999999.99
56.645	-9999999.99
56.627	-9999999.99
56.615	-9999999.99
56.61	-9999999.99
56.602	-9999999.99
56.594	-9999999.99
56.578	-9999999.99
56.56	-9999999.99
56.536	-9999999.99
56.508	-9999999.99
56.479	-9999999.99
56.453	-9999999.99
56.436	-9999999.99
56.422	-9999999.99
56.415	-9999999.99
56.411	-9999999.99
56.41	-9999999.99
56.405	-9999999.99
56.399	-9999999.99
56.389	-9999999.99
56.373	-9999999.99
56.356	-9999999.99
56.335	-9999999.99
56.319	-9999999.99
56.305	-9999999.99
56.295	-9999999.99
56.286	-9999999.99
56.282	-9999999.99
56.28	-9999999.99
56.278	-9999999.99
56.264	-9999999.99
56.237	-9999999.99
56.209	-9999999.99
56.182	-9999999.99
56.166	-9999999.99
56.153	-9999999.99
56.149	-9999999.99
56.144	-9999999.99
56.14	-9999999.99
56.131	-9999999.99
56.12	-9999999.99
56.111	-9999999.99
56.099	-9999999.99
56.085	-9999999.99
56.063	-9999999.99
56.033	-9999999.99
55.999	-9999999.99
55.972	-9999999.99
55.953	-9999999.99
55.952	-9999999.99
55.945	-9999999.99
55.938	-9999999.99
55.912	-9999999.99
55.875	-9999999.99
55.822	-9999999.99
55.756	-9999999.99
55.685	-9999999.99
55.626	-9999999.99
55.581	-9999999.99
55.568	-9999999.99
55.532	-9999999.99
55.485	-9999999.99
55.438	-9999999.99
55.417	-9999999.99
55.379	-9999999.99
55.314	-9999999.99
55.27	-9999999.99
55.262	-9999999.99
55.247	-9999999.99
55.238	-9999999.99
55.234	-9999999.99
55.23	-9999999.99
55.211	-9999999.99
55.173	-9999999.99
55.131	-9999999.99
55.094	-9999999.99
55.07	-9999999.99
55.058	-9999999.99
55.054	-9999999.99
55.052	-9999999.99
55.049	-9999999.99
55.043	-9999999.99
55.037	-9999999.99
54.987	-9999999.99
54.895	-9999999.99
54.888	-9999999.99
54.857	-9999999.99
54.793	-9999999.99
54.77	-9999999.99
54.746	-9999999.99
54.714	-9999999.99
54.679	-9999999.99
54.641	-9999999.99
54.578	-9999999.99
54.553	-9999999.99
54.521	-9999999.99
54.503	-9999999.99
54.493	-9999999.99
54.49	-9999999.99
54.477	-9999999.99
54.468	-9999999.99
54.465	-9999999.99
54.455	-9999999.99
54.447	-9999999.99
54.445	-9999999.99
54.432	-9999999.99
54.418	-9999999.99
54.405	-9999999.99
54.36	-9999999.99
54.356	-9999999.99
54.337	-9999999.99
54.308	-9999999.99
54.293	-9999999.99
54.287	-9999999.99
54.236	-9999999.99
54.235	-9999999.99
54.221	-9999999.99
54.215	-9999999.99
54.213	-9999999.99
54.203	-9999999.99
54.177	-9999999.99
54.159	-9999999.99
54.155	-9999999.99
54.152	-9999999.99
54.141	-9999999.99
54.116	-9999999.99
54.062	-9999999.99
54.049	-9999999.99
54.031	-9999999.99
54	-9999999.99
53.996	-9999999.99
53.961	-9999999.99
53.931	-9999999.99
53.921	-9999999.99
53.882	-9999999.99
53.866	-9999999.99
53.863	-9999999.99
53.831	-9999999.99
53.818	-9999999.99
53.816	-9999999.99
53.783	-9999999.99
53.758	-9999999.99
53.743	-9999999.99
53.705	-9999999.99
53.7	-9999999.99
53.691	-9999999.99
53.683	-9999999.99
53.653	-9999999.99
53.638	-9999999.99
53.628	-9999999.99
53.625	-9999999.99
53.592	-9999999.99
53.571	-9999999.99
53.527	-9999999.99
53.526	-9999999.99
53.514	-9999999.99
53.495	-9999999.99
53.491	-9999999.99
53.477	-9999999.99
53.475	-9999999.99
53.464	-9999999.99
53.459	-9999999.99
53.432	-9999999.99
53.416	-9999999.99
53.394	-9999999.99
53.392	-9999999.99
53.385	-9999999.99
53.382	-9999999.99
53.361	-9999999.99
53.355	-9999999.99
53.342	-9999999.99
53.336	-9999999.99
53.313	-9999999.99
53.302	-9999999.99
53.288	-9999999.99
53.281	-9999999.99
53.279	-9999999.99
53.247	-9999999.99
53.244	-9999999.99
53.223	-9999999.99
53.208	-9999999.99
53.182	-9999999.99
53.166	-9999999.99
53.143	-9999999.99
53.137	-9999999.99
53.123	-9999999.99
53.117	-9999999.99
53.103	-9999999.99
53.102	-9999999.99
53.091	-9999999.99
53.083	-9999999.99
53.061	-9999999.99
53.05	-9999999.99
53.035	-9999999.99
53.032	-9999999.99
53.017	-9999999.99
53.011	-9999999.99
52.987	-9999999.99
52.971	-9999999.99
52.943	-9999999.99
52.927	-9999999.99
52.9	-9999999.99
52.881	-9999999.99
52.868	-9999999.99
52.862	-9999999.99
52.861	-9999999.99
52.821	-9999999.99
52.801	-9999999.99
52.774	-9999999.99
52.759	-9999999.99
52.743	-9999999.99
52.741	-9999999.99
52.729	-9999999.99
52.725	-9999999.99
52.706	-9999999.99
52.695	-9999999.99
52.677	-9999999.99
52.676	-9999999.99
52.666	-9999999.99
52.659	-9999999.99
52.634	-9999999.99
52.616	-9999999.99
52.588	-9999999.99
52.572	-9999999.99
52.543	-9999999.99
52.523	-9999999.99
52.484	-9999999.99
52.483	-9999999.99
52.472	-9999999.99
52.453	-9999999.99
52.449	-9999999.99
52.444	-9999999.99
52.435	-9999999.99
52.427	-9999999.99
52.403	-9999999.99
52.394	-9999999.99
52.39	-9999999.99
52.383	-9999999.99
52.377	-9999999.99
52.352	-9999999.99
52.334	-9999999.99
52.304	-9999999.99
52.282	-9999999.99
52.257	-9999999.99
52.245	-9999999.99
52.234	-9999999.99
52.229	-9999999.99
52.225	-9999999.99
52.207	-9999999.99
52.198	-9999999.99
52.181	-9999999.99
52.165	-9999999.99
52.154	-9999999.99
52.134	-9999999.99
52.117	-9999999.99
52.112	-9999999.99
52.098	-9999999.99
52.091	-9999999.99
52.085	-9999999.99
52.081	-9999999.99
52.064	-9999999.99
52.051	-9999999.99
52.042	-9999999.99
52.03	-9999999.99
52.027	-9999999.99
52.021	-9999999.99
52.013	-9999999.99
51.987	-9999999.99
51.968	-9999999.99
51.963	-9999999.99
51.952	-9999999.99
51.947	-9999999.99
51.943	-9999999.99
51.943	-9999999.99
51.941	-9999999.99
51.934	-9999999.99
51.927	-9999999.99
51.903	-9999999.99
51.881	-9999999.99
51.868	-9999999.99
51.85	-9999999.99
51.846	-9999999.99
51.842	-9999999.99
51.823	-9999999.99
51.806	-9999999.99
51.798	-9999999.99
51.781	-9999999.99
51.771	-9999999.99
51.771	-9999999.99
51.77	-9999999.99
51.756	-9999999.99
51.741	-9999999.99
51.735	-9999999.99
51.725	-9999999.99
51.714	-9999999.99
51.701	-9999999.99
51.672	-9999999.99
51.65	-9999999.99
51.645	-9999999.99
51.635	-9999999.99
51.633	-9999999.99
51.615	-9999999.99
51.598	-9999999.99
51.589	-9999999.99
51.577	-9999999.99
51.571	-9999999.99
51.562	-9999999.99
51.556	-9999999.99
51.546	-9999999.99
51.539	-9999999.99
51.529	-9999999.99
51.525	-9999999.99
51.519	-9999999.99
51.519	-9999999.99
51.511	-9999999.99
51.51	-9999999.99
51.5	-9999999.99
51.497	-9999999.99
51.484	-9999999.99
51.475	-9999999.99
51.463	-9999999.99
51.45	-9999999.99
51.434	-9999999.99
51.419	-9999999.99
51.407	-9999999.99
51.393	-9999999.99
51.382	-9999999.99
51.369	-9999999.99
51.359	-9999999.99
51.35	-9999999.99
51.344	-9999999.99
51.339	-9999999.99
51.333	-9999999.99
51.331	-9999999.99
51.331	-9999999.99
51.329	-9999999.99
51.325	-9999999.99
51.315	-9999999.99
51.304	-9999999.99
51.288	-9999999.99
51.27	-9999999.99
51.251	-9999999.99
51.233	-9999999.99
51.223	-9999999.99
51.219	-9999999.99
51.214	-9999999.99
51.205	-9999999.99
51.192	-9999999.99
51.179	-9999999.99
51.168	-9999999.99
51.155	-9999999.99
51.142	-9999999.99
51.127	-9999999.99
51.115	-9999999.99
51.103	-9999999.99
51.097	-9999999.99
51.093	-9999999.99
51.087	-9999999.99
51.085	-9999999.99
51.081	-9999999.99
51.077	-9999999.99
51.068	-9999999.99
51.06	-9999999.99
51.052	-9999999.99
51.047	-9999999.99
51.043	-9999999.99
51.042	-9999999.99
51.042	-9999999.99
51.038	-9999999.99
51.033	-9999999.99
51.024	-9999999.99
51.016	-9999999.99
51.006	-9999999.99
50.999	-9999999.99
50.993	-9999999.99
50.986	-9999999.99
50.975	-9999999.99
50.962	-9999999.99
50.95	-9999999.99
50.937	-9999999.99
50.927	-9999999.99
50.918	-9999999.99
50.912	-9999999.99
50.905	-9999999.99
50.9	-9999999.99
50.894	-9999999.99
50.887	-9999999.99
50.884	-9999999.99
50.879	-9999999.99
50.875	-9999999.99
50.867	-9999999.99
50.859	-9999999.99
50.848	-9999999.99
50.836	-9999999.99
50.82	-9999999.99
50.808	-9999999.99
50.798	-9999999.99
50.791	-9999999.99
50.79	-9999999.99
50.787	-9999999.99
50.786	-9999999.99
50.78	-9999999.99
50.774	-9999999.99
50.768	-9999999.99
50.763	-9999999.99
50.755	-9999999.99
50.745	-9999999.99
50.739	-9999999.99
50.733	-9999999.99
50.732	-9999999.99
50.73	-9999999.99
50.727	-9999999.99
50.718	-9999999.99
50.707	-9999999.99
50.695	-9999999.99
50.682	-9999999.99
50.673	-9999999.99
50.667	-9999999.99
50.666	-9999999.99
50.664	-9999999.99
50.663	-9999999.99
50.655	-9999999.99
50.644	-9999999.99
50.628	-9999999.99
50.614	-9999999.99
50.602	-9999999.99
50.592	-9999999.99
50.588	-9999999.99
50.585	-9999999.99
50.582	-9999999.99
50.58	-9999999.99
50.574	-9999999.99
50.567	-9999999.99
50.557	-9999999.99
50.545	-9999999.99
50.535	-9999999.99
50.525	-9999999.99
50.521	-9999999.99
50.516	-9999999.99
50.513	-9999999.99
50.507	-9999999.99
50.506	-9999999.99
50.499	-9999999.99
50.486	-9999999.99
50.475	-9999999.99
50.463	-9999999.99
50.455	-9999999.99
50.448	-9999999.99
50.445	-9999999.99
50.439	-9999999.99
50.429	-9999999.99
50.417	-9999999.99
50.404	-9999999.99
50.393	-9999999.99
50.383	-9999999.99
50.374	-9999999.99
50.362	-9999999.99
50.351	-9999999.99
50.343	-9999999.99
50.34	-9999999.99
50.339	-9999999.99
50.335	-9999999.99
50.328	-9999999.99
50.32	-9999999.99
50.31	-9999999.99
50.301	-9999999.99
50.294	-9999999.99
50.287	-9999999.99
50.282	-9999999.99
50.273	-9999999.99
50.266	-9999999.99
50.257	-9999999.99
50.249	-9999999.99
50.24	-9999999.99
50.233	-9999999.99
50.225	-9999999.99
50.224	-9999999.99
50.222	-9999999.99
50.216	-9999999.99
50.21	-9999999.99
50.204	-9999999.99
50.196	-9999999.99
50.191	-9999999.99
50.184	-9999999.99
50.178	-9999999.99
50.172	-9999999.99
50.169	-9999999.99
50.165	-9999999.99
50.164	-9999999.99
50.159	-9999999.99
50.149	-9999999.99
50.141	-9999999.99
50.131	-9999999.99
50.124	-9999999.99
50.115	-9999999.99
50.109	-9999999.99
50.105	-9999999.99
50.103	-9999999.99
50.1	-9999999.99
50.093	-9999999.99
50.086	-9999999.99
50.082	-9999999.99
50.076	-9999999.99
50.071	-9999999.99
50.064	-9999999.99
50.061	-9999999.99
50.058	-9999999.99
50.055	-9999999.99
50.046	-9999999.99
50.032	-9999999.99
50.021	-9999999.99
50.012	-9999999.99
50.01	-9999999.99
50.006	-9999999.99
50.002	-9999999.99
49.997	-9999999.99
49.99	-9999999.99
49.986	-9999999.99
49.978	-9999999.99
49.97	-9999999.99
49.965	-9999999.99
49.964	-9999999.99
49.958	-9999999.99
49.947	-9999999.99
49.936	-9999999.99
49.92	-9999999.99
49.905	-9999999.99
49.891	-9999999.99
49.883	-9999999.99
49.881	-9999999.99
49.879	-9999999.99
49.878	-9999999.99
49.874	-9999999.99
49.871	-9999999.99
49.867	-9999999.99
49.866	-9999999.99
49.866	-9999999.99
49.866	-9999999.99
49.865	-9999999.99
49.86	-9999999.99
49.857	-9999999.99
49.854	-9999999.99
49.849	-9999999.99
49.838	-9999999.99
49.828	-9999999.99
49.817	-9999999.99
49.805	-9999999.99
49.796	-9999999.99
49.785	-9999999.99
49.777	-9999999.99
49.769	-9999999.99
49.761	-9999999.99
49.75	-9999999.99
49.738	-9999999.99
49.726	-9999999.99
49.713	-9999999.99
49.703	-9999999.99
49.69	-9999999.99
49.681	-9999999.99
49.679	-9999999.99
49.678	-9999999.99
49.674	-9999999.99
49.667	-9999999.99
49.664	-9999999.99
49.662	-9999999.99
49.659	-9999999.99
49.652	-9999999.99
49.639	-9999999.99
49.627	-9999999.99
49.616	-9999999.99
49.614	-9999999.99
49.613	-9999999.99
49.609	-9999999.99
49.602	-9999999.99
49.593	-9999999.99
49.589	-9999999.99
49.588	-9999999.99
49.578	-9999999.99
49.561	-9999999.99
49.541	-9999999.99
49.527	-9999999.99
49.516	-9999999.99
49.509	-9999999.99
49.495	-9999999.99
49.477	-9999999.99
49.454	-9999999.99
49.45	-9999999.99
49.444	-9999999.99
49.43	-9999999.99
49.423	-9999999.99
49.407	-9999999.99
49.377	-9999999.99
49.367	-9999999.99
49.366	-9999999.99
49.334	-9999999.99
49.296	-9999999.99
49.255	-9999999.99
49.222	-9999999.99
49.198	-9999999.99
